site	species	allele.V1	allele.V2	allele.V3
1	A	0	0	1
2	A	1	0	0
3	A	1	0	0
4	A	1	0	0
5	A	1	0	0
6	A	0	1	0
7	A	1	0	0
8	A	1	0	0
9	A	0	0	1
10	A	0	1	0
11	A	1	0	0
12	A	1	0	0
13	A	0	0	1
14	A	1	0	0
15	A	1	0	0
16	A	0	1	0
17	A	1	0	0
18	A	0	1	0
19	A	0	0	1
20	A	0	1	0
21	A	0	1	0
22	A	1	0	0
23	A	0	0	1
24	A	0	0	1
25	A	0	0	1
26	A	0	1	0
27	A	0	0	1
28	A	1	0	0
29	A	0	0	1
30	A	0	0	1
31	A	0	0	1
32	A	0	0	1
33	A	1	0	0
34	A	0	0	1
35	A	0	1	0
36	A	0	1	0
37	A	0	0	1
38	A	0	0	1
39	A	0	1	0
40	A	0	0	1
41	A	0	1	0
42	A	0	0	1
43	A	1	0	0
44	A	1	0	0
45	A	0	1	0
46	A	0	1	0
47	A	0	0	1
48	A	0	1	0
49	A	0	1	0
50	A	0	1	0
51	A	0	0	1
52	A	1	0	0
53	A	1	0	0
54	A	0	0	1
55	A	0	1	0
56	A	1	0	0
57	A	0	0	1
58	A	0	0	1
59	A	0	0	1
60	A	0	0	1
61	A	1	0	0
62	A	1	0	0
63	A	0	1	0
64	A	1	0	0
65	A	0	1	0
66	A	0	0	1
67	A	0	0	1
68	A	0	0	1
69	A	1	0	0
70	A	0	0	1
71	A	0	1	0
72	A	0	0	1
73	A	0	0	1
74	A	1	0	0
75	A	0	0	1
76	A	0	1	0
77	A	0	1	0
78	A	0	1	0
79	A	0	1	0
80	A	1	0	0
81	A	1	0	0
82	A	0	0	1
83	A	1	0	0
84	A	1	0	0
85	A	0	0	1
86	A	0	0	1
87	A	0	0	1
88	A	1	0	0
89	A	0	1	0
90	A	0	1	0
91	A	1	0	0
92	A	0	0	1
93	A	0	0	1
94	A	0	1	0
95	A	0	1	0
96	A	0	1	0
97	A	1	0	0
98	A	0	0	1
99	A	0	1	0
100	A	1	0	0
101	A	0	0	1
102	A	0	0	1
103	A	1	0	0
104	A	1	0	0
105	A	1	0	0
106	A	0	0	1
107	A	0	0	1
108	A	0	0	1
109	A	0	1	0
110	A	1	0	0
111	A	1	0	0
112	A	1	0	0
113	A	0	1	0
114	A	0	1	0
115	A	1	0	0
116	A	0	0	1
117	A	0	0	1
118	A	1	0	0
119	A	1	0	0
120	A	0	0	1
121	A	0	0	1
122	A	0	0	1
123	A	0	1	0
124	A	0	1	0
125	A	0	1	0
126	A	0	0	1
127	A	1	0	0
128	A	0	1	0
129	A	0	0	1
130	A	0	0	1
131	A	0	1	0
132	A	1	0	0
133	A	1	0	0
134	A	0	0	1
135	A	0	0	1
136	A	1	0	0
137	A	0	1	0
138	A	0	1	0
139	A	0	0	1
140	A	0	0	1
141	A	0	0	1
142	A	0	0	1
143	A	0	1	0
144	A	0	0	1
145	A	0	0	1
146	A	0	1	0
147	A	1	0	0
148	A	0	1	0
149	A	0	0	1
150	A	0	1	0
151	A	1	0	0
152	A	0	0	1
153	A	1	0	0
154	A	1	0	0
155	A	0	1	0
156	A	0	0	1
157	A	1	0	0
158	A	0	1	0
159	A	0	0	1
160	A	1	0	0
161	A	0	0	1
162	A	0	1	0
163	A	0	1	0
164	A	1	0	0
165	A	1	0	0
166	A	0	0	1
167	A	0	0	1
168	A	0	1	0
169	A	1	0	0
170	A	1	0	0
171	A	0	0	1
172	A	1	0	0
173	A	0	1	0
174	A	0	0	1
175	A	1	0	0
176	A	0	0	1
177	A	0	1	0
178	A	0	0	1
179	A	1	0	0
180	A	1	0	0
181	A	0	1	0
182	A	0	0	1
183	A	0	1	0
184	A	0	0	1
185	A	0	1	0
186	A	0	1	0
187	A	1	0	0
188	A	1	0	0
189	A	1	0	0
190	A	1	0	0
191	A	0	0	1
192	A	0	0	1
193	A	1	0	0
194	A	0	0	1
195	A	1	0	0
196	A	1	0	0
197	A	0	0	1
198	A	0	1	0
199	A	0	0	1
200	A	0	0	1
201	A	0	0	1
202	A	0	0	1
203	A	0	0	1
204	A	0	0	1
205	A	0	0	1
206	A	0	1	0
207	A	0	0	1
208	A	1	0	0
209	A	1	0	0
210	A	1	0	0
211	A	1	0	0
212	A	1	0	0
213	A	0	1	0
214	A	0	0	1
215	A	0	0	1
216	A	0	0	1
217	A	0	0	1
218	A	1	0	0
219	A	1	0	0
220	A	0	1	0
221	A	1	0	0
222	A	0	0	1
223	A	0	0	1
224	A	0	0	1
225	A	1	0	0
226	A	0	0	1
227	A	0	1	0
228	A	1	0	0
229	A	1	0	0
230	A	0	1	0
231	A	1	0	0
232	A	0	0	1
233	A	0	0	1
234	A	0	1	0
235	A	1	0	0
236	A	0	0	1
237	A	1	0	0
238	A	0	1	0
239	A	1	0	0
240	A	0	0	1
241	A	0	1	0
242	A	1	0	0
243	A	0	0	1
244	A	0	0	1
245	A	1	0	0
246	A	0	0	1
247	A	1	0	0
248	A	0	0	1
249	A	0	0	1
250	A	1	0	0
251	A	1	0	0
252	A	1	0	0
253	A	0	1	0
254	A	1	0	0
255	A	1	0	0
256	A	1	0	0
257	A	0	0	1
258	A	0	0	1
259	A	1	0	0
260	A	0	0	1
261	A	0	0	1
262	A	1	0	0
263	A	1	0	0
264	A	1	0	0
265	A	0	1	0
266	A	0	1	0
267	A	0	1	0
268	A	0	1	0
269	A	0	0	1
270	A	0	1	0
271	A	0	1	0
272	A	1	0	0
273	A	0	1	0
274	A	1	0	0
275	A	0	0	1
276	A	1	0	0
277	A	1	0	0
278	A	0	0	1
279	A	1	0	0
280	A	0	1	0
281	A	0	0	1
282	A	1	0	0
283	A	1	0	0
284	A	1	0	0
285	A	1	0	0
286	A	1	0	0
287	A	1	0	0
288	A	1	0	0
289	A	0	1	0
290	A	0	1	0
291	A	0	1	0
292	A	0	0	1
293	A	0	0	1
294	A	0	0	1
295	A	0	0	1
296	A	0	1	0
297	A	0	0	1
298	A	1	0	0
299	A	1	0	0
300	A	1	0	0
301	A	1	0	0
302	A	0	1	0
303	A	0	0	1
304	A	1	0	0
305	A	0	0	1
306	A	0	1	0
307	A	0	1	0
308	A	0	0	1
309	A	1	0	0
310	A	0	0	1
311	A	0	0	1
312	A	0	0	1
313	A	0	0	1
314	A	1	0	0
315	A	0	1	0
316	A	1	0	0
317	A	0	0	1
318	A	0	0	1
319	A	1	0	0
320	A	1	0	0
321	A	0	1	0
322	A	1	0	0
323	A	1	0	0
324	A	1	0	0
325	A	1	0	0
326	A	0	0	1
327	A	1	0	0
328	A	1	0	0
329	A	1	0	0
330	A	1	0	0
331	A	0	0	1
332	A	0	1	0
333	A	0	0	1
334	A	0	0	1
335	A	0	0	1
336	A	1	0	0
337	A	0	1	0
338	A	0	0	1
339	A	0	1	0
340	A	0	1	0
341	A	0	1	0
342	A	0	0	1
343	A	1	0	0
344	A	0	1	0
345	A	0	1	0
346	A	0	1	0
347	A	0	0	1
348	A	0	0	1
349	A	0	1	0
350	A	0	0	1
351	A	0	0	1
352	A	1	0	0
353	A	0	1	0
354	A	0	0	1
355	A	1	0	0
356	A	0	0	1
357	A	1	0	0
358	A	0	0	1
359	A	0	1	0
360	A	1	0	0
361	A	1	0	0
362	A	1	0	0
363	A	0	0	1
364	A	0	0	1
365	A	0	0	1
366	A	0	0	1
367	A	1	0	0
368	A	0	1	0
369	A	0	1	0
370	A	0	0	1
371	A	0	0	1
372	A	1	0	0
373	A	0	0	1
374	A	0	1	0
375	A	1	0	0
376	A	1	0	0
377	A	1	0	0
378	A	0	0	1
379	A	1	0	0
380	A	0	1	0
381	A	1	0	0
382	A	0	0	1
383	A	0	1	0
384	A	1	0	0
385	A	1	0	0
386	A	1	0	0
387	A	0	1	0
388	A	1	0	0
389	A	0	1	0
390	A	0	1	0
391	A	1	0	0
392	A	0	0	1
393	A	0	1	0
394	A	0	0	1
395	A	0	0	1
396	A	0	0	1
397	A	1	0	0
398	A	0	1	0
399	A	1	0	0
400	A	0	0	1
401	A	0	0	1
402	A	0	1	0
403	A	1	0	0
404	A	0	0	1
405	A	1	0	0
406	A	0	0	1
407	A	0	1	0
408	A	0	0	1
409	A	1	0	0
410	A	0	0	1
411	A	0	0	1
412	A	1	0	0
413	A	0	0	1
414	A	1	0	0
415	A	0	0	1
416	A	0	0	1
417	A	1	0	0
418	A	0	1	0
419	A	0	1	0
420	A	0	0	1
421	A	0	0	1
422	A	0	0	1
423	A	1	0	0
424	A	0	0	1
425	A	0	1	0
426	A	0	1	0
427	A	0	0	1
428	A	0	0	1
429	A	0	0	1
430	A	1	0	0
431	A	1	0	0
432	A	1	0	0
433	A	0	1	0
434	A	1	0	0
435	A	0	0	1
436	A	1	0	0
437	A	0	0	1
438	A	0	1	0
439	A	0	0	1
440	A	1	0	0
441	A	1	0	0
442	A	0	0	1
443	A	1	0	0
444	A	0	1	0
445	A	1	0	0
446	A	1	0	0
447	A	1	0	0
448	A	0	0	1
449	A	0	0	1
450	A	1	0	0
451	A	1	0	0
452	A	0	1	0
453	A	0	0	1
454	A	0	0	1
455	A	1	0	0
456	A	1	0	0
457	A	0	1	0
458	A	0	0	1
459	A	0	0	1
460	A	0	0	1
461	A	1	0	0
462	A	0	1	0
463	A	0	0	1
464	A	0	1	0
465	A	0	1	0
466	A	1	0	0
467	A	1	0	0
468	A	1	0	0
469	A	0	0	1
470	A	0	0	1
471	A	0	1	0
472	A	0	0	1
473	A	0	0	1
474	A	1	0	0
475	A	0	0	1
476	A	0	0	1
477	A	0	0	1
478	A	0	0	1
479	A	1	0	0
480	A	1	0	0
481	A	0	0	1
482	A	1	0	0
483	A	0	1	0
484	A	1	0	0
485	A	0	0	1
486	A	1	0	0
487	A	0	0	1
488	A	1	0	0
489	A	0	1	0
490	A	0	0	1
491	A	0	1	0
492	A	0	0	1
493	A	0	0	1
494	A	1	0	0
495	A	1	0	0
496	A	0	1	0
497	A	0	0	1
498	A	1	0	0
499	A	0	1	0
500	A	1	0	0
501	A	1	0	0
502	A	0	0	1
503	A	0	0	1
504	A	0	1	0
505	A	0	0	1
506	A	1	0	0
507	A	0	1	0
508	A	1	0	0
509	A	1	0	0
510	A	1	0	0
511	A	0	1	0
512	A	0	1	0
513	A	0	1	0
514	A	1	0	0
515	A	0	1	0
516	A	0	1	0
517	A	0	1	0
518	A	0	0	1
519	A	0	0	1
520	A	1	0	0
521	A	0	1	0
522	A	1	0	0
523	A	0	1	0
524	A	0	0	1
525	A	0	0	1
526	A	1	0	0
527	A	0	1	0
528	A	1	0	0
529	A	0	1	0
530	A	0	1	0
531	A	0	0	1
532	A	0	0	1
533	A	1	0	0
534	A	0	0	1
535	A	1	0	0
536	A	0	0	1
537	A	1	0	0
538	A	0	0	1
539	A	0	0	1
540	A	0	0	1
541	A	1	0	0
542	A	1	0	0
543	A	0	1	0
544	A	0	1	0
545	A	1	0	0
546	A	0	0	1
547	A	1	0	0
548	A	1	0	0
549	A	0	1	0
550	A	1	0	0
551	A	0	0	1
552	A	1	0	0
553	A	0	1	0
554	A	1	0	0
555	A	1	0	0
556	A	0	1	0
557	A	1	0	0
558	A	0	0	1
559	A	0	1	0
560	A	1	0	0
561	A	1	0	0
562	A	0	0	1
563	A	1	0	0
564	A	1	0	0
565	A	1	0	0
566	A	0	0	1
567	A	1	0	0
568	A	0	0	1
569	A	0	1	0
570	A	0	0	1
571	A	0	0	1
572	A	1	0	0
573	A	0	0	1
574	A	0	0	1
575	A	1	0	0
576	A	0	1	0
577	A	0	0	1
578	A	0	1	0
579	A	0	0	1
580	A	1	0	0
581	A	1	0	0
582	A	1	0	0
583	A	0	0	1
584	A	0	0	1
585	A	0	0	1
586	A	0	0	1
587	A	0	1	0
588	A	1	0	0
589	A	1	0	0
590	A	0	1	0
591	A	1	0	0
592	A	1	0	0
593	A	1	0	0
594	A	0	1	0
595	A	0	0	1
596	A	0	1	0
597	A	0	0	1
598	A	1	0	0
599	A	0	1	0
600	A	1	0	0
601	A	1	0	0
602	A	0	0	1
603	A	0	1	0
604	A	0	0	1
605	A	0	0	1
606	A	0	1	0
607	A	0	0	1
608	A	0	1	0
609	A	1	0	0
610	A	1	0	0
611	A	1	0	0
612	A	0	1	0
613	A	0	0	1
614	A	0	0	1
615	A	0	0	1
616	A	0	1	0
617	A	1	0	0
618	A	1	0	0
619	A	0	0	1
620	A	0	0	1
621	A	1	0	0
622	A	0	0	1
623	A	1	0	0
624	A	0	0	1
625	A	0	0	1
626	A	0	0	1
627	A	0	1	0
628	A	1	0	0
629	A	0	1	0
630	A	0	0	1
631	A	0	0	1
632	A	0	0	1
633	A	1	0	0
634	A	0	0	1
635	A	0	1	0
636	A	0	0	1
637	A	1	0	0
638	A	0	1	0
639	A	1	0	0
640	A	1	0	0
641	A	0	0	1
642	A	1	0	0
643	A	1	0	0
644	A	1	0	0
645	A	0	0	1
646	A	0	0	1
647	A	0	0	1
648	A	1	0	0
649	A	1	0	0
650	A	0	1	0
651	A	0	1	0
652	A	0	0	1
653	A	0	0	1
654	A	0	1	0
655	A	0	0	1
656	A	0	0	1
657	A	0	1	0
658	A	1	0	0
659	A	1	0	0
660	A	1	0	0
661	A	1	0	0
662	A	0	0	1
663	A	0	0	1
664	A	1	0	0
665	A	0	1	0
666	A	0	1	0
667	A	0	1	0
668	A	0	1	0
669	A	0	0	1
670	A	0	0	1
671	A	0	1	0
672	A	1	0	0
673	A	0	0	1
674	A	0	0	1
675	A	1	0	0
676	A	0	0	1
677	A	0	0	1
678	A	0	0	1
679	A	1	0	0
680	A	1	0	0
681	A	1	0	0
682	A	0	1	0
683	A	1	0	0
684	A	0	0	1
685	A	0	1	0
686	A	1	0	0
687	A	0	1	0
688	A	0	0	1
689	A	0	0	1
690	A	0	1	0
691	A	1	0	0
692	A	0	1	0
693	A	0	0	1
694	A	0	0	1
695	A	1	0	0
696	A	0	0	1
697	A	1	0	0
698	A	0	1	0
699	A	0	1	0
700	A	0	0	1
701	A	0	0	1
702	A	0	0	1
703	A	1	0	0
704	A	0	0	1
705	A	0	1	0
706	A	0	0	1
707	A	1	0	0
708	A	1	0	0
709	A	0	0	1
710	A	0	1	0
711	A	0	0	1
712	A	0	0	1
713	A	0	1	0
714	A	0	1	0
715	A	0	0	1
716	A	0	1	0
717	A	0	0	1
718	A	1	0	0
719	A	1	0	0
720	A	0	1	0
721	A	1	0	0
722	A	1	0	0
723	A	0	0	1
724	A	1	0	0
725	A	0	0	1
726	A	1	0	0
727	A	0	0	1
728	A	0	1	0
729	A	0	0	1
730	A	0	0	1
731	A	0	0	1
732	A	0	1	0
733	A	0	1	0
734	A	0	0	1
735	A	0	1	0
736	A	0	0	1
737	A	0	0	1
738	A	1	0	0
739	A	0	0	1
740	A	1	0	0
741	A	1	0	0
742	A	0	1	0
743	A	1	0	0
744	A	1	0	0
745	A	0	0	1
746	A	1	0	0
747	A	0	1	0
748	A	0	0	1
749	A	0	1	0
750	A	0	1	0
751	A	0	1	0
752	A	0	0	1
753	A	0	0	1
754	A	0	0	1
755	A	0	1	0
756	A	0	1	0
757	A	0	0	1
758	A	0	0	1
759	A	0	1	0
760	A	1	0	0
761	A	0	0	1
762	A	0	0	1
763	A	1	0	0
764	A	1	0	0
765	A	0	0	1
766	A	0	1	0
767	A	0	0	1
768	A	1	0	0
769	A	1	0	0
770	A	0	1	0
771	A	0	0	1
772	A	0	1	0
773	A	0	1	0
774	A	0	1	0
775	A	0	1	0
776	A	0	1	0
777	A	0	0	1
778	A	0	0	1
779	A	1	0	0
780	A	1	0	0
781	A	1	0	0
782	A	0	1	0
783	A	0	0	1
784	A	1	0	0
785	A	1	0	0
786	A	0	0	1
787	A	0	1	0
788	A	0	0	1
789	A	1	0	0
790	A	1	0	0
791	A	0	0	1
792	A	0	0	1
793	A	0	0	1
794	A	0	0	1
795	A	0	1	0
796	A	1	0	0
797	A	0	0	1
798	A	1	0	0
799	A	0	0	1
800	A	0	0	1
801	A	0	1	0
802	A	0	0	1
803	A	1	0	0
804	A	1	0	0
805	A	1	0	0
806	A	0	0	1
807	A	1	0	0
808	A	0	1	0
809	A	0	0	1
810	A	0	0	1
811	A	1	0	0
812	A	0	1	0
813	A	0	1	0
814	A	0	0	1
815	A	1	0	0
816	A	0	1	0
817	A	0	1	0
818	A	0	0	1
819	A	1	0	0
820	A	0	0	1
821	A	0	0	1
822	A	1	0	0
823	A	0	0	1
824	A	1	0	0
825	A	1	0	0
826	A	0	0	1
827	A	0	0	1
828	A	0	0	1
829	A	1	0	0
830	A	0	1	0
831	A	0	1	0
832	A	0	1	0
833	A	0	0	1
834	A	0	1	0
835	A	1	0	0
836	A	0	0	1
837	A	0	1	0
838	A	0	1	0
839	A	0	0	1
840	A	1	0	0
841	A	0	0	1
842	A	1	0	0
843	A	0	0	1
844	A	0	0	1
845	A	0	1	0
846	A	1	0	0
847	A	1	0	0
848	A	1	0	0
849	A	0	1	0
850	A	1	0	0
851	A	0	0	1
852	A	0	0	1
853	A	0	0	1
854	A	0	1	0
855	A	1	0	0
856	A	1	0	0
857	A	1	0	0
858	A	0	0	1
859	A	0	1	0
860	A	0	0	1
861	A	0	1	0
862	A	1	0	0
863	A	1	0	0
864	A	0	0	1
865	A	0	0	1
866	A	1	0	0
867	A	1	0	0
868	A	1	0	0
869	A	0	1	0
870	A	1	0	0
871	A	0	0	1
872	A	1	0	0
873	A	1	0	0
874	A	0	0	1
875	A	0	0	1
876	A	0	1	0
877	A	0	0	1
878	A	0	0	1
879	A	1	0	0
880	A	0	1	0
881	A	0	0	1
882	A	0	0	1
883	A	1	0	0
884	A	0	0	1
885	A	0	0	1
886	A	0	1	0
887	A	1	0	0
888	A	0	1	0
889	A	0	0	1
890	A	1	0	0
891	A	1	0	0
892	A	1	0	0
893	A	0	0	1
894	A	0	0	1
895	A	0	0	1
896	A	0	1	0
897	A	0	0	1
898	A	0	0	1
899	A	0	1	0
900	A	0	1	0
901	A	1	0	0
902	A	0	1	0
903	A	0	0	1
904	A	1	0	0
905	A	1	0	0
906	A	0	0	1
907	A	0	1	0
908	A	0	1	0
909	A	1	0	0
910	A	1	0	0
911	A	0	1	0
912	A	0	0	1
913	A	0	0	1
914	A	0	1	0
915	A	1	0	0
916	A	0	0	1
917	A	0	0	1
918	A	1	0	0
919	A	0	0	1
920	A	0	1	0
921	A	1	0	0
922	A	0	1	0
923	A	0	0	1
924	A	1	0	0
925	A	0	0	1
926	A	1	0	0
927	A	1	0	0
928	A	0	1	0
929	A	0	1	0
930	A	0	1	0
931	A	1	0	0
932	A	0	0	1
933	A	1	0	0
934	A	0	1	0
935	A	1	0	0
936	A	0	1	0
937	A	1	0	0
938	A	0	0	1
939	A	1	0	0
940	A	1	0	0
941	A	0	1	0
942	A	0	1	0
943	A	0	1	0
944	A	0	1	0
945	A	1	0	0
946	A	1	0	0
947	A	1	0	0
948	A	1	0	0
949	A	1	0	0
950	A	0	0	1
951	A	1	0	0
952	A	1	0	0
953	A	0	0	1
954	A	0	1	0
955	A	0	1	0
956	A	0	1	0
957	A	0	1	0
958	A	1	0	0
959	A	0	1	0
960	A	0	0	1
961	A	0	0	1
962	A	1	0	0
963	A	0	0	1
964	A	0	1	0
965	A	0	1	0
966	A	0	0	1
967	A	1	0	0
968	A	1	0	0
969	A	1	0	0
970	A	0	0	1
971	A	0	1	0
972	A	1	0	0
973	A	0	0	1
974	A	0	0	1
975	A	0	1	0
976	A	1	0	0
977	A	0	0	1
978	A	1	0	0
979	A	0	1	0
980	A	0	0	1
981	A	0	1	0
982	A	1	0	0
983	A	0	1	0
984	A	1	0	0
985	A	0	1	0
986	A	1	0	0
987	A	0	1	0
988	A	1	0	0
989	A	0	1	0
990	A	0	0	1
991	A	1	0	0
992	A	1	0	0
993	A	0	1	0
994	A	1	0	0
995	A	0	1	0
996	A	0	0	1
997	A	0	1	0
998	A	1	0	0
999	A	0	1	0
1000	A	0	0	1
1	B	0	1	0
2	B	1	0	0
3	B	1	0	0
4	B	1	0	0
5	B	1	0	0
6	B	0	1	0
7	B	0	1	0
8	B	0	0	1
9	B	0	0	1
10	B	0	0	1
11	B	1	0	0
12	B	0	1	0
13	B	0	1	0
14	B	1	0	0
15	B	0	0	1
16	B	0	0	1
17	B	0	1	0
18	B	0	1	0
19	B	0	0	1
20	B	1	0	0
21	B	0	0	1
22	B	1	0	0
23	B	1	0	0
24	B	0	0	1
25	B	0	1	0
26	B	0	0	1
27	B	0	0	1
28	B	0	1	0
29	B	0	1	0
30	B	1	0	0
31	B	1	0	0
32	B	0	1	0
33	B	0	1	0
34	B	0	0	1
35	B	0	1	0
36	B	0	0	1
37	B	0	0	1
38	B	1	0	0
39	B	1	0	0
40	B	0	0	1
41	B	0	1	0
42	B	1	0	0
43	B	0	1	0
44	B	0	0	1
45	B	0	1	0
46	B	0	1	0
47	B	0	0	1
48	B	0	1	0
49	B	0	0	1
50	B	0	1	0
51	B	0	0	1
52	B	1	0	0
53	B	0	1	0
54	B	0	1	0
55	B	0	0	1
56	B	1	0	0
57	B	0	0	1
58	B	0	1	0
59	B	0	0	1
60	B	0	0	1
61	B	0	0	1
62	B	1	0	0
63	B	0	0	1
64	B	1	0	0
65	B	0	0	1
66	B	1	0	0
67	B	1	0	0
68	B	0	0	1
69	B	0	0	1
70	B	0	1	0
71	B	0	0	1
72	B	0	0	1
73	B	0	0	1
74	B	0	1	0
75	B	0	1	0
76	B	0	1	0
77	B	0	0	1
78	B	0	0	1
79	B	0	0	1
80	B	0	0	1
81	B	1	0	0
82	B	0	1	0
83	B	0	0	1
84	B	0	0	1
85	B	0	0	1
86	B	1	0	0
87	B	0	0	1
88	B	1	0	0
89	B	0	0	1
90	B	0	1	0
91	B	0	1	0
92	B	0	0	1
93	B	0	1	0
94	B	0	1	0
95	B	1	0	0
96	B	0	1	0
97	B	1	0	0
98	B	0	1	0
99	B	0	0	1
100	B	0	1	0
101	B	1	0	0
102	B	0	0	1
103	B	1	0	0
104	B	1	0	0
105	B	0	1	0
106	B	0	0	1
107	B	0	1	0
108	B	0	0	1
109	B	1	0	0
110	B	0	1	0
111	B	0	1	0
112	B	1	0	0
113	B	1	0	0
114	B	1	0	0
115	B	1	0	0
116	B	0	0	1
117	B	0	0	1
118	B	0	1	0
119	B	0	0	1
120	B	1	0	0
121	B	0	1	0
122	B	1	0	0
123	B	0	1	0
124	B	1	0	0
125	B	0	1	0
126	B	0	1	0
127	B	0	0	1
128	B	0	0	1
129	B	0	0	1
130	B	0	1	0
131	B	0	1	0
132	B	0	1	0
133	B	1	0	0
134	B	1	0	0
135	B	0	1	0
136	B	0	0	1
137	B	1	0	0
138	B	0	0	1
139	B	0	0	1
140	B	0	0	1
141	B	0	0	1
142	B	0	0	1
143	B	1	0	0
144	B	0	0	1
145	B	0	0	1
146	B	1	0	0
147	B	1	0	0
148	B	1	0	0
149	B	0	0	1
150	B	0	0	1
151	B	1	0	0
152	B	0	0	1
153	B	1	0	0
154	B	0	0	1
155	B	0	0	1
156	B	0	0	1
157	B	0	0	1
158	B	0	1	0
159	B	0	0	1
160	B	1	0	0
161	B	0	1	0
162	B	0	1	0
163	B	0	1	0
164	B	0	1	0
165	B	0	1	0
166	B	1	0	0
167	B	0	1	0
168	B	0	1	0
169	B	1	0	0
170	B	0	1	0
171	B	0	0	1
172	B	0	1	0
173	B	0	1	0
174	B	0	1	0
175	B	0	0	1
176	B	0	1	0
177	B	0	0	1
178	B	0	0	1
179	B	0	0	1
180	B	0	0	1
181	B	0	1	0
182	B	1	0	0
183	B	0	1	0
184	B	0	0	1
185	B	0	1	0
186	B	0	1	0
187	B	0	0	1
188	B	0	0	1
189	B	1	0	0
190	B	0	0	1
191	B	0	1	0
192	B	0	0	1
193	B	1	0	0
194	B	0	0	1
195	B	0	1	0
196	B	0	0	1
197	B	0	1	0
198	B	1	0	0
199	B	0	0	1
200	B	1	0	0
201	B	0	1	0
202	B	1	0	0
203	B	1	0	0
204	B	0	1	0
205	B	0	0	1
206	B	1	0	0
207	B	0	1	0
208	B	1	0	0
209	B	1	0	0
210	B	1	0	0
211	B	0	0	1
212	B	0	1	0
213	B	0	0	1
214	B	0	1	0
215	B	0	1	0
216	B	0	0	1
217	B	1	0	0
218	B	0	1	0
219	B	1	0	0
220	B	0	0	1
221	B	1	0	0
222	B	0	1	0
223	B	0	0	1
224	B	1	0	0
225	B	0	0	1
226	B	1	0	0
227	B	0	1	0
228	B	1	0	0
229	B	1	0	0
230	B	1	0	0
231	B	0	0	1
232	B	0	0	1
233	B	1	0	0
234	B	0	1	0
235	B	0	1	0
236	B	0	0	1
237	B	1	0	0
238	B	0	1	0
239	B	0	0	1
240	B	0	0	1
241	B	0	1	0
242	B	1	0	0
243	B	0	0	1
244	B	0	0	1
245	B	0	0	1
246	B	0	0	1
247	B	1	0	0
248	B	0	0	1
249	B	0	0	1
250	B	1	0	0
251	B	0	0	1
252	B	1	0	0
253	B	0	1	0
254	B	0	0	1
255	B	1	0	0
256	B	1	0	0
257	B	0	0	1
258	B	0	0	1
259	B	1	0	0
260	B	1	0	0
261	B	0	0	1
262	B	1	0	0
263	B	0	0	1
264	B	0	0	1
265	B	0	0	1
266	B	0	1	0
267	B	0	1	0
268	B	0	0	1
269	B	0	0	1
270	B	0	1	0
271	B	1	0	0
272	B	0	0	1
273	B	0	1	0
274	B	1	0	0
275	B	1	0	0
276	B	1	0	0
277	B	1	0	0
278	B	0	0	1
279	B	1	0	0
280	B	0	0	1
281	B	0	0	1
282	B	0	0	1
283	B	1	0	0
284	B	1	0	0
285	B	0	0	1
286	B	1	0	0
287	B	1	0	0
288	B	1	0	0
289	B	0	1	0
290	B	0	0	1
291	B	0	1	0
292	B	0	0	1
293	B	1	0	0
294	B	0	0	1
295	B	1	0	0
296	B	0	1	0
297	B	1	0	0
298	B	0	0	1
299	B	1	0	0
300	B	1	0	0
301	B	1	0	0
302	B	1	0	0
303	B	0	0	1
304	B	1	0	0
305	B	0	0	1
306	B	1	0	0
307	B	0	1	0
308	B	1	0	0
309	B	0	0	1
310	B	0	0	1
311	B	0	0	1
312	B	0	0	1
313	B	1	0	0
314	B	1	0	0
315	B	0	0	1
316	B	0	0	1
317	B	0	0	1
318	B	0	0	1
319	B	1	0	0
320	B	1	0	0
321	B	0	1	0
322	B	0	0	1
323	B	1	0	0
324	B	1	0	0
325	B	1	0	0
326	B	0	0	1
327	B	1	0	0
328	B	0	0	1
329	B	0	1	0
330	B	0	1	0
331	B	0	1	0
332	B	0	0	1
333	B	1	0	0
334	B	0	1	0
335	B	0	0	1
336	B	1	0	0
337	B	0	1	0
338	B	1	0	0
339	B	0	1	0
340	B	0	0	1
341	B	0	1	0
342	B	0	0	1
343	B	1	0	0
344	B	0	0	1
345	B	0	1	0
346	B	0	1	0
347	B	1	0	0
348	B	0	0	1
349	B	1	0	0
350	B	0	0	1
351	B	1	0	0
352	B	0	0	1
353	B	1	0	0
354	B	1	0	0
355	B	1	0	0
356	B	0	0	1
357	B	0	1	0
358	B	0	0	1
359	B	0	1	0
360	B	1	0	0
361	B	0	1	0
362	B	1	0	0
363	B	0	0	1
364	B	1	0	0
365	B	1	0	0
366	B	0	1	0
367	B	1	0	0
368	B	0	1	0
369	B	1	0	0
370	B	0	0	1
371	B	1	0	0
372	B	1	0	0
373	B	1	0	0
374	B	1	0	0
375	B	0	1	0
376	B	0	0	1
377	B	0	0	1
378	B	0	0	1
379	B	1	0	0
380	B	0	1	0
381	B	1	0	0
382	B	0	1	0
383	B	0	0	1
384	B	0	0	1
385	B	0	1	0
386	B	1	0	0
387	B	0	0	1
388	B	1	0	0
389	B	0	0	1
390	B	0	1	0
391	B	1	0	0
392	B	0	0	1
393	B	1	0	0
394	B	0	1	0
395	B	0	0	1
396	B	0	0	1
397	B	0	1	0
398	B	0	1	0
399	B	1	0	0
400	B	0	0	1
401	B	0	0	1
402	B	0	0	1
403	B	1	0	0
404	B	0	1	0
405	B	0	1	0
406	B	0	0	1
407	B	0	0	1
408	B	0	0	1
409	B	1	0	0
410	B	1	0	0
411	B	0	1	0
412	B	1	0	0
413	B	0	0	1
414	B	1	0	0
415	B	0	0	1
416	B	0	0	1
417	B	1	0	0
418	B	0	0	1
419	B	0	0	1
420	B	1	0	0
421	B	0	1	0
422	B	0	1	0
423	B	1	0	0
424	B	0	0	1
425	B	1	0	0
426	B	0	0	1
427	B	1	0	0
428	B	0	1	0
429	B	1	0	0
430	B	1	0	0
431	B	0	0	1
432	B	0	1	0
433	B	0	0	1
434	B	1	0	0
435	B	0	1	0
436	B	1	0	0
437	B	1	0	0
438	B	0	1	0
439	B	0	0	1
440	B	0	0	1
441	B	1	0	0
442	B	0	1	0
443	B	0	1	0
444	B	1	0	0
445	B	0	1	0
446	B	0	1	0
447	B	1	0	0
448	B	0	0	1
449	B	0	0	1
450	B	0	1	0
451	B	1	0	0
452	B	1	0	0
453	B	0	0	1
454	B	0	0	1
455	B	1	0	0
456	B	1	0	0
457	B	1	0	0
458	B	0	0	1
459	B	0	1	0
460	B	0	1	0
461	B	0	1	0
462	B	0	1	0
463	B	1	0	0
464	B	0	0	1
465	B	0	1	0
466	B	1	0	0
467	B	0	1	0
468	B	1	0	0
469	B	1	0	0
470	B	0	0	1
471	B	0	1	0
472	B	0	0	1
473	B	0	0	1
474	B	0	1	0
475	B	1	0	0
476	B	1	0	0
477	B	1	0	0
478	B	0	0	1
479	B	0	0	1
480	B	0	0	1
481	B	1	0	0
482	B	0	0	1
483	B	0	1	0
484	B	1	0	0
485	B	0	1	0
486	B	0	0	1
487	B	0	0	1
488	B	0	0	1
489	B	0	0	1
490	B	1	0	0
491	B	0	0	1
492	B	0	1	0
493	B	0	0	1
494	B	0	1	0
495	B	1	0	0
496	B	0	0	1
497	B	0	0	1
498	B	0	1	0
499	B	0	1	0
500	B	0	0	1
501	B	1	0	0
502	B	0	0	1
503	B	0	0	1
504	B	0	1	0
505	B	0	1	0
506	B	0	0	1
507	B	1	0	0
508	B	1	0	0
509	B	0	1	0
510	B	1	0	0
511	B	0	0	1
512	B	0	1	0
513	B	1	0	0
514	B	1	0	0
515	B	1	0	0
516	B	0	1	0
517	B	1	0	0
518	B	0	0	1
519	B	0	0	1
520	B	1	0	0
521	B	1	0	0
522	B	0	0	1
523	B	0	1	0
524	B	1	0	0
525	B	0	1	0
526	B	0	0	1
527	B	1	0	0
528	B	1	0	0
529	B	0	1	0
530	B	0	1	0
531	B	0	0	1
532	B	0	1	0
533	B	0	0	1
534	B	0	0	1
535	B	1	0	0
536	B	0	0	1
537	B	0	1	0
538	B	0	1	0
539	B	0	1	0
540	B	1	0	0
541	B	1	0	0
542	B	0	0	1
543	B	0	1	0
544	B	0	0	1
545	B	0	0	1
546	B	0	0	1
547	B	1	0	0
548	B	1	0	0
549	B	0	1	0
550	B	0	0	1
551	B	0	0	1
552	B	1	0	0
553	B	0	1	0
554	B	0	1	0
555	B	0	0	1
556	B	0	0	1
557	B	0	1	0
558	B	0	0	1
559	B	0	1	0
560	B	0	1	0
561	B	0	1	0
562	B	0	0	1
563	B	1	0	0
564	B	0	1	0
565	B	1	0	0
566	B	1	0	0
567	B	1	0	0
568	B	0	0	1
569	B	1	0	0
570	B	0	0	1
571	B	0	1	0
572	B	1	0	0
573	B	0	0	1
574	B	0	0	1
575	B	1	0	0
576	B	0	0	1
577	B	0	0	1
578	B	0	1	0
579	B	0	1	0
580	B	1	0	0
581	B	0	1	0
582	B	1	0	0
583	B	0	1	0
584	B	0	0	1
585	B	0	0	1
586	B	1	0	0
587	B	0	1	0
588	B	1	0	0
589	B	1	0	0
590	B	0	1	0
591	B	0	0	1
592	B	0	0	1
593	B	1	0	0
594	B	0	1	0
595	B	1	0	0
596	B	0	1	0
597	B	1	0	0
598	B	0	0	1
599	B	0	1	0
600	B	0	0	1
601	B	0	1	0
602	B	0	0	1
603	B	0	1	0
604	B	0	0	1
605	B	0	0	1
606	B	1	0	0
607	B	0	1	0
608	B	0	0	1
609	B	0	0	1
610	B	0	1	0
611	B	1	0	0
612	B	1	0	0
613	B	0	0	1
614	B	0	0	1
615	B	1	0	0
616	B	0	0	1
617	B	0	0	1
618	B	0	0	1
619	B	0	1	0
620	B	0	0	1
621	B	1	0	0
622	B	0	0	1
623	B	0	0	1
624	B	1	0	0
625	B	1	0	0
626	B	0	0	1
627	B	0	1	0
628	B	1	0	0
629	B	0	1	0
630	B	0	0	1
631	B	0	1	0
632	B	0	0	1
633	B	1	0	0
634	B	0	0	1
635	B	1	0	0
636	B	1	0	0
637	B	0	0	1
638	B	0	1	0
639	B	0	0	1
640	B	1	0	0
641	B	0	0	1
642	B	1	0	0
643	B	1	0	0
644	B	0	0	1
645	B	0	0	1
646	B	1	0	0
647	B	0	0	1
648	B	0	0	1
649	B	0	0	1
650	B	0	1	0
651	B	0	0	1
652	B	0	0	1
653	B	0	0	1
654	B	0	1	0
655	B	0	0	1
656	B	0	1	0
657	B	0	1	0
658	B	0	0	1
659	B	0	0	1
660	B	0	1	0
661	B	0	1	0
662	B	0	0	1
663	B	0	0	1
664	B	0	1	0
665	B	0	1	0
666	B	0	1	0
667	B	0	1	0
668	B	0	1	0
669	B	0	0	1
670	B	0	1	0
671	B	0	1	0
672	B	1	0	0
673	B	0	0	1
674	B	1	0	0
675	B	0	1	0
676	B	0	0	1
677	B	0	1	0
678	B	0	1	0
679	B	1	0	0
680	B	0	1	0
681	B	1	0	0
682	B	0	1	0
683	B	0	0	1
684	B	0	1	0
685	B	0	0	1
686	B	0	0	1
687	B	0	1	0
688	B	0	1	0
689	B	1	0	0
690	B	0	0	1
691	B	1	0	0
692	B	0	0	1
693	B	0	1	0
694	B	0	1	0
695	B	0	1	0
696	B	0	0	1
697	B	0	1	0
698	B	0	1	0
699	B	0	1	0
700	B	1	0	0
701	B	0	0	1
702	B	0	0	1
703	B	0	1	0
704	B	1	0	0
705	B	0	1	0
706	B	0	1	0
707	B	1	0	0
708	B	0	0	1
709	B	0	0	1
710	B	0	1	0
711	B	0	0	1
712	B	0	0	1
713	B	0	1	0
714	B	1	0	0
715	B	0	0	1
716	B	1	0	0
717	B	0	0	1
718	B	1	0	0
719	B	1	0	0
720	B	0	1	0
721	B	1	0	0
722	B	0	0	1
723	B	0	0	1
724	B	0	0	1
725	B	0	1	0
726	B	1	0	0
727	B	1	0	0
728	B	1	0	0
729	B	0	0	1
730	B	0	0	1
731	B	0	0	1
732	B	0	1	0
733	B	1	0	0
734	B	0	0	1
735	B	0	1	0
736	B	0	0	1
737	B	1	0	0
738	B	1	0	0
739	B	0	0	1
740	B	0	1	0
741	B	1	0	0
742	B	0	0	1
743	B	0	0	1
744	B	1	0	0
745	B	1	0	0
746	B	0	0	1
747	B	0	0	1
748	B	0	1	0
749	B	0	0	1
750	B	0	0	1
751	B	0	1	0
752	B	0	0	1
753	B	0	1	0
754	B	1	0	0
755	B	1	0	0
756	B	1	0	0
757	B	1	0	0
758	B	1	0	0
759	B	0	1	0
760	B	1	0	0
761	B	1	0	0
762	B	0	0	1
763	B	1	0	0
764	B	1	0	0
765	B	0	0	1
766	B	0	0	1
767	B	0	0	1
768	B	1	0	0
769	B	0	0	1
770	B	0	1	0
771	B	1	0	0
772	B	0	0	1
773	B	0	1	0
774	B	0	1	0
775	B	0	1	0
776	B	0	1	0
777	B	0	0	1
778	B	0	0	1
779	B	0	0	1
780	B	1	0	0
781	B	1	0	0
782	B	1	0	0
783	B	0	0	1
784	B	0	0	1
785	B	0	0	1
786	B	0	0	1
787	B	1	0	0
788	B	0	1	0
789	B	1	0	0
790	B	1	0	0
791	B	0	0	1
792	B	1	0	0
793	B	0	0	1
794	B	0	0	1
795	B	0	1	0
796	B	1	0	0
797	B	0	0	1
798	B	1	0	0
799	B	0	0	1
800	B	0	0	1
801	B	0	1	0
802	B	0	0	1
803	B	0	0	1
804	B	0	1	0
805	B	1	0	0
806	B	0	0	1
807	B	0	1	0
808	B	0	1	0
809	B	0	0	1
810	B	0	0	1
811	B	1	0	0
812	B	0	1	0
813	B	0	1	0
814	B	0	0	1
815	B	1	0	0
816	B	0	1	0
817	B	0	1	0
818	B	1	0	0
819	B	1	0	0
820	B	0	0	1
821	B	1	0	0
822	B	1	0	0
823	B	0	0	1
824	B	1	0	0
825	B	1	0	0
826	B	0	0	1
827	B	0	0	1
828	B	0	1	0
829	B	0	1	0
830	B	0	1	0
831	B	0	1	0
832	B	0	1	0
833	B	0	0	1
834	B	0	1	0
835	B	1	0	0
836	B	0	0	1
837	B	0	1	0
838	B	0	1	0
839	B	0	1	0
840	B	0	0	1
841	B	0	0	1
842	B	1	0	0
843	B	0	0	1
844	B	1	0	0
845	B	0	1	0
846	B	1	0	0
847	B	1	0	0
848	B	1	0	0
849	B	1	0	0
850	B	1	0	0
851	B	0	0	1
852	B	0	0	1
853	B	0	0	1
854	B	0	0	1
855	B	1	0	0
856	B	1	0	0
857	B	1	0	0
858	B	0	0	1
859	B	0	1	0
860	B	0	0	1
861	B	0	1	0
862	B	1	0	0
863	B	1	0	0
864	B	0	0	1
865	B	0	0	1
866	B	0	0	1
867	B	1	0	0
868	B	0	0	1
869	B	0	1	0
870	B	1	0	0
871	B	0	0	1
872	B	0	0	1
873	B	1	0	0
874	B	0	1	0
875	B	0	0	1
876	B	0	1	0
877	B	0	0	1
878	B	0	0	1
879	B	1	0	0
880	B	0	1	0
881	B	0	0	1
882	B	0	0	1
883	B	1	0	0
884	B	1	0	0
885	B	0	0	1
886	B	1	0	0
887	B	0	0	1
888	B	0	1	0
889	B	0	1	0
890	B	1	0	0
891	B	1	0	0
892	B	1	0	0
893	B	0	0	1
894	B	0	0	1
895	B	0	0	1
896	B	0	0	1
897	B	0	0	1
898	B	0	0	1
899	B	0	1	0
900	B	0	1	0
901	B	0	0	1
902	B	0	1	0
903	B	0	0	1
904	B	1	0	0
905	B	1	0	0
906	B	0	0	1
907	B	0	1	0
908	B	0	1	0
909	B	1	0	0
910	B	0	1	0
911	B	1	0	0
912	B	0	0	1
913	B	0	0	1
914	B	0	1	0
915	B	1	0	0
916	B	0	0	1
917	B	0	0	1
918	B	0	0	1
919	B	0	0	1
920	B	1	0	0
921	B	1	0	0
922	B	0	1	0
923	B	0	0	1
924	B	1	0	0
925	B	0	0	1
926	B	1	0	0
927	B	1	0	0
928	B	0	1	0
929	B	0	1	0
930	B	0	0	1
931	B	1	0	0
932	B	1	0	0
933	B	1	0	0
934	B	0	0	1
935	B	0	0	1
936	B	0	1	0
937	B	1	0	0
938	B	1	0	0
939	B	1	0	0
940	B	1	0	0
941	B	0	1	0
942	B	0	1	0
943	B	0	1	0
944	B	0	0	1
945	B	1	0	0
946	B	1	0	0
947	B	1	0	0
948	B	1	0	0
949	B	1	0	0
950	B	0	0	1
951	B	0	1	0
952	B	1	0	0
953	B	0	0	1
954	B	0	1	0
955	B	0	1	0
956	B	0	1	0
957	B	0	1	0
958	B	1	0	0
959	B	0	0	1
960	B	0	1	0
961	B	0	1	0
962	B	1	0	0
963	B	0	0	1
964	B	0	1	0
965	B	0	1	0
966	B	0	0	1
967	B	1	0	0
968	B	0	0	1
969	B	1	0	0
970	B	1	0	0
971	B	0	0	1
972	B	1	0	0
973	B	0	1	0
974	B	0	0	1
975	B	0	1	0
976	B	0	0	1
977	B	0	1	0
978	B	1	0	0
979	B	0	1	0
980	B	0	0	1
981	B	0	1	0
982	B	0	0	1
983	B	1	0	0
984	B	1	0	0
985	B	0	0	1
986	B	0	1	0
987	B	0	1	0
988	B	0	1	0
989	B	0	0	1
990	B	0	1	0
991	B	1	0	0
992	B	1	0	0
993	B	0	1	0
994	B	0	0	1
995	B	0	1	0
996	B	0	0	1
997	B	0	0	1
998	B	1	0	0
999	B	1	0	0
1000	B	0	1	0
1	C	1	0	0
2	C	0	0	1
3	C	1	0	0
4	C	1	0	0
5	C	1	0	0
6	C	1	0	0
7	C	0	0	1
8	C	1	0	0
9	C	0	0	1
10	C	0	0	1
11	C	0	1	0
12	C	1	0	0
13	C	1	0	0
14	C	1	0	0
15	C	0	0	1
16	C	0	0	1
17	C	1	0	0
18	C	0	1	0
19	C	1	0	0
20	C	1	0	0
21	C	0	0	1
22	C	1	0	0
23	C	1	0	0
24	C	0	0	1
25	C	1	0	0
26	C	0	1	0
27	C	0	0	1
28	C	0	0	1
29	C	0	1	0
30	C	0	0	1
31	C	1	0	0
32	C	1	0	0
33	C	1	0	0
34	C	0	0	1
35	C	0	1	0
36	C	0	1	0
37	C	0	0	1
38	C	0	0	1
39	C	0	0	1
40	C	0	1	0
41	C	0	1	0
42	C	0	0	1
43	C	1	0	0
44	C	0	0	1
45	C	0	1	0
46	C	0	1	0
47	C	1	0	0
48	C	0	0	1
49	C	0	0	1
50	C	0	1	0
51	C	0	0	1
52	C	1	0	0
53	C	1	0	0
54	C	0	1	0
55	C	1	0	0
56	C	1	0	0
57	C	0	0	1
58	C	0	1	0
59	C	0	0	1
60	C	1	0	0
61	C	0	0	1
62	C	0	1	0
63	C	0	0	1
64	C	0	1	0
65	C	0	1	0
66	C	0	0	1
67	C	0	0	1
68	C	0	0	1
69	C	1	0	0
70	C	0	0	1
71	C	0	0	1
72	C	0	0	1
73	C	1	0	0
74	C	1	0	0
75	C	1	0	0
76	C	0	0	1
77	C	1	0	0
78	C	1	0	0
79	C	0	0	1
80	C	0	0	1
81	C	0	1	0
82	C	1	0	0
83	C	0	1	0
84	C	1	0	0
85	C	0	1	0
86	C	0	1	0
87	C	1	0	0
88	C	1	0	0
89	C	0	0	1
90	C	1	0	0
91	C	0	0	1
92	C	1	0	0
93	C	0	0	1
94	C	0	1	0
95	C	0	1	0
96	C	0	1	0
97	C	1	0	0
98	C	0	0	1
99	C	1	0	0
100	C	1	0	0
101	C	1	0	0
102	C	1	0	0
103	C	1	0	0
104	C	1	0	0
105	C	1	0	0
106	C	1	0	0
107	C	1	0	0
108	C	0	0	1
109	C	1	0	0
110	C	0	0	1
111	C	0	1	0
112	C	1	0	0
113	C	0	0	1
114	C	0	0	1
115	C	0	0	1
116	C	0	1	0
117	C	0	0	1
118	C	1	0	0
119	C	0	0	1
120	C	0	1	0
121	C	0	1	0
122	C	0	1	0
123	C	1	0	0
124	C	0	0	1
125	C	0	1	0
126	C	0	1	0
127	C	0	0	1
128	C	0	1	0
129	C	0	0	1
130	C	0	0	1
131	C	0	1	0
132	C	0	1	0
133	C	1	0	0
134	C	0	1	0
135	C	1	0	0
136	C	0	1	0
137	C	0	1	0
138	C	1	0	0
139	C	0	0	1
140	C	0	0	1
141	C	0	0	1
142	C	0	1	0
143	C	1	0	0
144	C	1	0	0
145	C	1	0	0
146	C	0	0	1
147	C	0	0	1
148	C	0	1	0
149	C	1	0	0
150	C	1	0	0
151	C	0	1	0
152	C	1	0	0
153	C	1	0	0
154	C	1	0	0
155	C	1	0	0
156	C	0	1	0
157	C	0	0	1
158	C	0	1	0
159	C	1	0	0
160	C	1	0	0
161	C	0	0	1
162	C	0	1	0
163	C	0	1	0
164	C	0	1	0
165	C	0	1	0
166	C	1	0	0
167	C	0	0	1
168	C	0	1	0
169	C	0	1	0
170	C	0	0	1
171	C	0	0	1
172	C	1	0	0
173	C	0	1	0
174	C	0	0	1
175	C	0	0	1
176	C	0	1	0
177	C	0	0	1
178	C	0	0	1
179	C	1	0	0
180	C	1	0	0
181	C	0	1	0
182	C	1	0	0
183	C	0	1	0
184	C	1	0	0
185	C	0	0	1
186	C	0	1	0
187	C	0	0	1
188	C	0	1	0
189	C	0	0	1
190	C	1	0	0
191	C	0	0	1
192	C	0	1	0
193	C	1	0	0
194	C	1	0	0
195	C	0	1	0
196	C	0	0	1
197	C	0	0	1
198	C	0	1	0
199	C	0	0	1
200	C	1	0	0
201	C	0	0	1
202	C	1	0	0
203	C	0	0	1
204	C	0	1	0
205	C	0	0	1
206	C	1	0	0
207	C	0	0	1
208	C	1	0	0
209	C	0	0	1
210	C	0	1	0
211	C	1	0	0
212	C	0	1	0
213	C	1	0	0
214	C	0	1	0
215	C	1	0	0
216	C	1	0	0
217	C	1	0	0
218	C	0	1	0
219	C	1	0	0
220	C	0	0	1
221	C	1	0	0
222	C	0	0	1
223	C	1	0	0
224	C	0	1	0
225	C	0	1	0
226	C	0	1	0
227	C	1	0	0
228	C	1	0	0
229	C	1	0	0
230	C	0	0	1
231	C	0	0	1
232	C	0	0	1
233	C	0	1	0
234	C	0	1	0
235	C	0	0	1
236	C	1	0	0
237	C	1	0	0
238	C	0	1	0
239	C	0	0	1
240	C	0	0	1
241	C	0	1	0
242	C	0	0	1
243	C	1	0	0
244	C	1	0	0
245	C	1	0	0
246	C	0	0	1
247	C	0	1	0
248	C	0	0	1
249	C	0	0	1
250	C	0	0	1
251	C	0	1	0
252	C	1	0	0
253	C	0	1	0
254	C	0	0	1
255	C	1	0	0
256	C	0	0	1
257	C	0	0	1
258	C	1	0	0
259	C	0	1	0
260	C	1	0	0
261	C	0	1	0
262	C	1	0	0
263	C	0	0	1
264	C	1	0	0
265	C	0	0	1
266	C	0	0	1
267	C	0	1	0
268	C	1	0	0
269	C	0	0	1
270	C	0	1	0
271	C	0	0	1
272	C	0	0	1
273	C	0	0	1
274	C	1	0	0
275	C	0	0	1
276	C	0	0	1
277	C	1	0	0
278	C	0	0	1
279	C	1	0	0
280	C	1	0	0
281	C	1	0	0
282	C	0	1	0
283	C	1	0	0
284	C	1	0	0
285	C	0	1	0
286	C	0	1	0
287	C	1	0	0
288	C	1	0	0
289	C	0	0	1
290	C	1	0	0
291	C	0	1	0
292	C	0	0	1
293	C	1	0	0
294	C	0	0	1
295	C	1	0	0
296	C	0	1	0
297	C	1	0	0
298	C	0	0	1
299	C	0	1	0
300	C	1	0	0
301	C	1	0	0
302	C	0	0	1
303	C	0	1	0
304	C	1	0	0
305	C	1	0	0
306	C	0	0	1
307	C	0	1	0
308	C	0	0	1
309	C	0	0	1
310	C	1	0	0
311	C	0	0	1
312	C	1	0	0
313	C	0	0	1
314	C	1	0	0
315	C	1	0	0
316	C	0	0	1
317	C	0	0	1
318	C	1	0	0
319	C	1	0	0
320	C	0	0	1
321	C	0	1	0
322	C	1	0	0
323	C	1	0	0
324	C	1	0	0
325	C	0	1	0
326	C	0	1	0
327	C	1	0	0
328	C	0	0	1
329	C	1	0	0
330	C	0	1	0
331	C	1	0	0
332	C	1	0	0
333	C	1	0	0
334	C	0	1	0
335	C	0	0	1
336	C	0	0	1
337	C	0	1	0
338	C	0	1	0
339	C	0	0	1
340	C	1	0	0
341	C	0	1	0
342	C	0	0	1
343	C	0	1	0
344	C	0	0	1
345	C	1	0	0
346	C	0	1	0
347	C	0	0	1
348	C	0	1	0
349	C	1	0	0
350	C	1	0	0
351	C	1	0	0
352	C	1	0	0
353	C	0	0	1
354	C	1	0	0
355	C	1	0	0
356	C	0	0	1
357	C	0	0	1
358	C	0	1	0
359	C	0	1	0
360	C	1	0	0
361	C	1	0	0
362	C	1	0	0
363	C	0	0	1
364	C	0	0	1
365	C	0	0	1
366	C	0	1	0
367	C	0	0	1
368	C	0	1	0
369	C	1	0	0
370	C	0	0	1
371	C	1	0	0
372	C	1	0	0
373	C	0	1	0
374	C	0	0	1
375	C	0	1	0
376	C	1	0	0
377	C	0	1	0
378	C	0	0	1
379	C	0	0	1
380	C	0	1	0
381	C	0	0	1
382	C	0	0	1
383	C	0	0	1
384	C	0	0	1
385	C	1	0	0
386	C	0	0	1
387	C	1	0	0
388	C	1	0	0
389	C	0	0	1
390	C	0	0	1
391	C	0	1	0
392	C	0	1	0
393	C	0	0	1
394	C	1	0	0
395	C	0	0	1
396	C	0	0	1
397	C	0	0	1
398	C	0	0	1
399	C	1	0	0
400	C	0	0	1
401	C	0	1	0
402	C	0	1	0
403	C	0	1	0
404	C	0	0	1
405	C	0	1	0
406	C	0	0	1
407	C	0	0	1
408	C	0	0	1
409	C	0	1	0
410	C	1	0	0
411	C	1	0	0
412	C	1	0	0
413	C	0	0	1
414	C	0	0	1
415	C	0	0	1
416	C	1	0	0
417	C	0	1	0
418	C	0	0	1
419	C	0	0	1
420	C	1	0	0
421	C	1	0	0
422	C	0	0	1
423	C	1	0	0
424	C	1	0	0
425	C	0	0	1
426	C	0	0	1
427	C	1	0	0
428	C	0	1	0
429	C	0	0	1
430	C	0	0	1
431	C	0	1	0
432	C	0	0	1
433	C	1	0	0
434	C	1	0	0
435	C	1	0	0
436	C	1	0	0
437	C	1	0	0
438	C	0	0	1
439	C	0	0	1
440	C	0	0	1
441	C	1	0	0
442	C	0	0	1
443	C	0	1	0
444	C	1	0	0
445	C	0	0	1
446	C	1	0	0
447	C	1	0	0
448	C	0	0	1
449	C	1	0	0
450	C	1	0	0
451	C	1	0	0
452	C	1	0	0
453	C	1	0	0
454	C	0	0	1
455	C	1	0	0
456	C	0	1	0
457	C	1	0	0
458	C	1	0	0
459	C	1	0	0
460	C	0	1	0
461	C	0	0	1
462	C	0	1	0
463	C	0	0	1
464	C	1	0	0
465	C	0	0	1
466	C	0	1	0
467	C	0	1	0
468	C	0	0	1
469	C	1	0	0
470	C	0	0	1
471	C	0	1	0
472	C	0	0	1
473	C	1	0	0
474	C	0	0	1
475	C	0	0	1
476	C	1	0	0
477	C	0	0	1
478	C	0	1	0
479	C	1	0	0
480	C	0	0	1
481	C	0	1	0
482	C	0	0	1
483	C	1	0	0
484	C	0	0	1
485	C	1	0	0
486	C	1	0	0
487	C	0	0	1
488	C	1	0	0
489	C	1	0	0
490	C	1	0	0
491	C	0	0	1
492	C	0	1	0
493	C	0	1	0
494	C	0	1	0
495	C	0	1	0
496	C	0	0	1
497	C	0	0	1
498	C	0	1	0
499	C	0	1	0
500	C	0	1	0
501	C	1	0	0
502	C	1	0	0
503	C	0	1	0
504	C	1	0	0
505	C	1	0	0
506	C	0	0	1
507	C	0	1	0
508	C	0	0	1
509	C	0	0	1
510	C	0	0	1
511	C	1	0	0
512	C	0	1	0
513	C	1	0	0
514	C	1	0	0
515	C	1	0	0
516	C	0	0	1
517	C	0	0	1
518	C	0	0	1
519	C	0	0	1
520	C	0	0	1
521	C	0	1	0
522	C	0	0	1
523	C	1	0	0
524	C	1	0	0
525	C	0	1	0
526	C	0	0	1
527	C	1	0	0
528	C	0	0	1
529	C	0	1	0
530	C	0	1	0
531	C	0	0	1
532	C	0	0	1
533	C	0	0	1
534	C	0	0	1
535	C	1	0	0
536	C	1	0	0
537	C	0	0	1
538	C	0	0	1
539	C	0	0	1
540	C	0	0	1
541	C	0	1	0
542	C	1	0	0
543	C	1	0	0
544	C	1	0	0
545	C	1	0	0
546	C	0	1	0
547	C	0	0	1
548	C	1	0	0
549	C	0	1	0
550	C	0	0	1
551	C	0	0	1
552	C	1	0	0
553	C	0	1	0
554	C	0	0	1
555	C	0	1	0
556	C	0	0	1
557	C	0	0	1
558	C	0	0	1
559	C	1	0	0
560	C	0	1	0
561	C	1	0	0
562	C	0	1	0
563	C	1	0	0
564	C	0	0	1
565	C	1	0	0
566	C	0	0	1
567	C	0	0	1
568	C	0	0	1
569	C	0	0	1
570	C	0	0	1
571	C	0	0	1
572	C	0	0	1
573	C	0	0	1
574	C	0	1	0
575	C	0	0	1
576	C	1	0	0
577	C	0	1	0
578	C	0	1	0
579	C	1	0	0
580	C	1	0	0
581	C	0	0	1
582	C	0	1	0
583	C	0	0	1
584	C	0	1	0
585	C	0	0	1
586	C	0	0	1
587	C	0	1	0
588	C	0	1	0
589	C	0	0	1
590	C	1	0	0
591	C	0	0	1
592	C	0	0	1
593	C	0	1	0
594	C	0	1	0
595	C	1	0	0
596	C	0	1	0
597	C	1	0	0
598	C	0	0	1
599	C	0	1	0
600	C	0	0	1
601	C	0	1	0
602	C	0	1	0
603	C	0	1	0
604	C	0	0	1
605	C	1	0	0
606	C	0	0	1
607	C	0	0	1
608	C	1	0	0
609	C	1	0	0
610	C	0	0	1
611	C	0	0	1
612	C	0	1	0
613	C	0	1	0
614	C	1	0	0
615	C	0	0	1
616	C	0	0	1
617	C	0	1	0
618	C	1	0	0
619	C	1	0	0
620	C	0	0	1
621	C	1	0	0
622	C	1	0	0
623	C	0	1	0
624	C	0	0	1
625	C	1	0	0
626	C	1	0	0
627	C	0	1	0
628	C	1	0	0
629	C	1	0	0
630	C	1	0	0
631	C	0	0	1
632	C	0	0	1
633	C	0	0	1
634	C	0	0	1
635	C	1	0	0
636	C	0	0	1
637	C	0	0	1
638	C	0	1	0
639	C	0	1	0
640	C	1	0	0
641	C	0	0	1
642	C	0	1	0
643	C	1	0	0
644	C	1	0	0
645	C	0	0	1
646	C	0	0	1
647	C	0	0	1
648	C	0	0	1
649	C	0	1	0
650	C	0	1	0
651	C	0	0	1
652	C	0	1	0
653	C	0	1	0
654	C	1	0	0
655	C	0	0	1
656	C	0	1	0
657	C	0	1	0
658	C	0	0	1
659	C	0	1	0
660	C	0	1	0
661	C	1	0	0
662	C	0	0	1
663	C	0	1	0
664	C	0	0	1
665	C	0	0	1
666	C	0	1	0
667	C	0	1	0
668	C	0	1	0
669	C	0	1	0
670	C	0	1	0
671	C	1	0	0
672	C	1	0	0
673	C	1	0	0
674	C	0	0	1
675	C	0	1	0
676	C	0	0	1
677	C	0	0	1
678	C	0	0	1
679	C	0	0	1
680	C	1	0	0
681	C	1	0	0
682	C	0	1	0
683	C	1	0	0
684	C	0	1	0
685	C	1	0	0
686	C	1	0	0
687	C	0	1	0
688	C	0	1	0
689	C	1	0	0
690	C	0	0	1
691	C	1	0	0
692	C	0	0	1
693	C	0	0	1
694	C	1	0	0
695	C	0	1	0
696	C	0	0	1
697	C	0	1	0
698	C	0	1	0
699	C	1	0	0
700	C	0	0	1
701	C	0	0	1
702	C	0	0	1
703	C	1	0	0
704	C	0	1	0
705	C	0	1	0
706	C	1	0	0
707	C	1	0	0
708	C	0	0	1
709	C	1	0	0
710	C	0	1	0
711	C	0	1	0
712	C	0	0	1
713	C	0	1	0
714	C	1	0	0
715	C	1	0	0
716	C	1	0	0
717	C	1	0	0
718	C	0	1	0
719	C	0	1	0
720	C	1	0	0
721	C	1	0	0
722	C	1	0	0
723	C	0	0	1
724	C	0	0	1
725	C	1	0	0
726	C	1	0	0
727	C	1	0	0
728	C	0	0	1
729	C	0	0	1
730	C	0	1	0
731	C	0	0	1
732	C	0	1	0
733	C	1	0	0
734	C	0	0	1
735	C	1	0	0
736	C	0	0	1
737	C	0	1	0
738	C	1	0	0
739	C	0	1	0
740	C	1	0	0
741	C	1	0	0
742	C	0	0	1
743	C	0	0	1
744	C	1	0	0
745	C	1	0	0
746	C	1	0	0
747	C	0	0	1
748	C	0	0	1
749	C	0	0	1
750	C	0	0	1
751	C	1	0	0
752	C	0	0	1
753	C	0	0	1
754	C	0	0	1
755	C	1	0	0
756	C	0	0	1
757	C	0	1	0
758	C	0	0	1
759	C	0	1	0
760	C	1	0	0
761	C	0	0	1
762	C	0	1	0
763	C	1	0	0
764	C	1	0	0
765	C	1	0	0
766	C	0	0	1
767	C	1	0	0
768	C	1	0	0
769	C	0	1	0
770	C	0	1	0
771	C	0	0	1
772	C	1	0	0
773	C	0	1	0
774	C	0	1	0
775	C	0	0	1
776	C	1	0	0
777	C	0	0	1
778	C	0	0	1
779	C	1	0	0
780	C	0	1	0
781	C	1	0	0
782	C	1	0	0
783	C	0	0	1
784	C	0	0	1
785	C	0	0	1
786	C	0	0	1
787	C	0	0	1
788	C	0	0	1
789	C	1	0	0
790	C	1	0	0
791	C	0	0	1
792	C	0	0	1
793	C	0	1	0
794	C	1	0	0
795	C	0	1	0
796	C	0	1	0
797	C	1	0	0
798	C	1	0	0
799	C	0	0	1
800	C	0	0	1
801	C	0	1	0
802	C	0	0	1
803	C	0	0	1
804	C	0	1	0
805	C	1	0	0
806	C	0	0	1
807	C	1	0	0
808	C	0	1	0
809	C	1	0	0
810	C	0	0	1
811	C	1	0	0
812	C	0	1	0
813	C	0	1	0
814	C	0	0	1
815	C	1	0	0
816	C	0	1	0
817	C	0	1	0
818	C	0	0	1
819	C	1	0	0
820	C	0	1	0
821	C	1	0	0
822	C	1	0	0
823	C	0	0	1
824	C	0	0	1
825	C	1	0	0
826	C	0	0	1
827	C	0	1	0
828	C	0	1	0
829	C	0	1	0
830	C	1	0	0
831	C	0	1	0
832	C	0	1	0
833	C	0	0	1
834	C	0	1	0
835	C	0	0	1
836	C	0	1	0
837	C	0	1	0
838	C	0	1	0
839	C	0	0	1
840	C	0	0	1
841	C	0	0	1
842	C	1	0	0
843	C	0	1	0
844	C	0	0	1
845	C	0	1	0
846	C	1	0	0
847	C	1	0	0
848	C	1	0	0
849	C	1	0	0
850	C	1	0	0
851	C	0	0	1
852	C	0	0	1
853	C	1	0	0
854	C	0	1	0
855	C	1	0	0
856	C	1	0	0
857	C	1	0	0
858	C	0	0	1
859	C	0	1	0
860	C	0	0	1
861	C	0	1	0
862	C	1	0	0
863	C	1	0	0
864	C	0	0	1
865	C	0	0	1
866	C	0	0	1
867	C	1	0	0
868	C	0	0	1
869	C	0	1	0
870	C	1	0	0
871	C	0	0	1
872	C	0	0	1
873	C	1	0	0
874	C	0	1	0
875	C	0	0	1
876	C	0	1	0
877	C	0	1	0
878	C	0	0	1
879	C	1	0	0
880	C	0	1	0
881	C	1	0	0
882	C	1	0	0
883	C	0	0	1
884	C	0	1	0
885	C	0	0	1
886	C	0	0	1
887	C	1	0	0
888	C	0	1	0
889	C	1	0	0
890	C	1	0	0
891	C	1	0	0
892	C	1	0	0
893	C	0	0	1
894	C	0	0	1
895	C	0	0	1
896	C	0	0	1
897	C	0	0	1
898	C	0	0	1
899	C	0	1	0
900	C	0	1	0
901	C	0	1	0
902	C	1	0	0
903	C	0	1	0
904	C	1	0	0
905	C	1	0	0
906	C	0	0	1
907	C	0	1	0
908	C	0	1	0
909	C	1	0	0
910	C	0	0	1
911	C	0	0	1
912	C	1	0	0
913	C	0	0	1
914	C	0	1	0
915	C	1	0	0
916	C	0	0	1
917	C	0	0	1
918	C	0	1	0
919	C	0	0	1
920	C	0	0	1
921	C	1	0	0
922	C	0	1	0
923	C	0	0	1
924	C	1	0	0
925	C	0	0	1
926	C	0	1	0
927	C	1	0	0
928	C	0	1	0
929	C	0	1	0
930	C	0	0	1
931	C	1	0	0
932	C	0	1	0
933	C	1	0	0
934	C	0	0	1
935	C	0	0	1
936	C	0	1	0
937	C	1	0	0
938	C	1	0	0
939	C	1	0	0
940	C	1	0	0
941	C	0	1	0
942	C	0	1	0
943	C	0	0	1
944	C	0	0	1
945	C	1	0	0
946	C	1	0	0
947	C	1	0	0
948	C	1	0	0
949	C	1	0	0
950	C	0	0	1
951	C	0	0	1
952	C	1	0	0
953	C	0	1	0
954	C	1	0	0
955	C	0	1	0
956	C	0	1	0
957	C	0	1	0
958	C	1	0	0
959	C	0	0	1
960	C	0	0	1
961	C	0	0	1
962	C	1	0	0
963	C	0	0	1
964	C	0	1	0
965	C	0	1	0
966	C	0	0	1
967	C	1	0	0
968	C	0	1	0
969	C	1	0	0
970	C	0	1	0
971	C	0	0	1
972	C	1	0	0
973	C	0	0	1
974	C	0	0	1
975	C	0	0	1
976	C	1	0	0
977	C	0	1	0
978	C	1	0	0
979	C	0	1	0
980	C	0	0	1
981	C	0	0	1
982	C	0	1	0
983	C	0	0	1
984	C	1	0	0
985	C	0	1	0
986	C	1	0	0
987	C	0	1	0
988	C	0	0	1
989	C	0	0	1
990	C	0	0	1
991	C	1	0	0
992	C	1	0	0
993	C	0	0	1
994	C	0	0	1
995	C	0	1	0
996	C	0	0	1
997	C	0	0	1
998	C	1	0	0
999	C	1	0	0
1000	C	0	1	0
1	D	1	0	0
2	D	1	0	0
3	D	1	0	0
4	D	0	0	1
5	D	1	0	0
6	D	0	0	1
7	D	1	0	0
8	D	1	0	0
9	D	0	0	1
10	D	0	0	1
11	D	0	1	0
12	D	0	0	1
13	D	0	1	0
14	D	0	0	1
15	D	0	0	1
16	D	0	0	1
17	D	1	0	0
18	D	0	1	0
19	D	0	1	0
20	D	1	0	0
21	D	0	0	1
22	D	1	0	0
23	D	0	0	1
24	D	0	0	1
25	D	0	0	1
26	D	0	1	0
27	D	0	0	1
28	D	0	1	0
29	D	0	1	0
30	D	0	0	1
31	D	1	0	0
32	D	0	0	1
33	D	1	0	0
34	D	1	0	0
35	D	0	1	0
36	D	0	0	1
37	D	0	0	1
38	D	0	1	0
39	D	1	0	0
40	D	0	0	1
41	D	0	0	1
42	D	1	0	0
43	D	0	1	0
44	D	0	0	1
45	D	0	1	0
46	D	0	1	0
47	D	0	1	0
48	D	0	0	1
49	D	0	1	0
50	D	0	1	0
51	D	0	0	1
52	D	1	0	0
53	D	0	0	1
54	D	0	1	0
55	D	1	0	0
56	D	1	0	0
57	D	1	0	0
58	D	0	1	0
59	D	0	0	1
60	D	1	0	0
61	D	0	0	1
62	D	0	1	0
63	D	0	0	1
64	D	0	0	1
65	D	0	0	1
66	D	0	1	0
67	D	0	0	1
68	D	0	0	1
69	D	1	0	0
70	D	1	0	0
71	D	1	0	0
72	D	1	0	0
73	D	0	0	1
74	D	0	0	1
75	D	0	0	1
76	D	0	0	1
77	D	0	0	1
78	D	1	0	0
79	D	0	1	0
80	D	0	0	1
81	D	0	0	1
82	D	1	0	0
83	D	1	0	0
84	D	0	0	1
85	D	1	0	0
86	D	0	1	0
87	D	0	0	1
88	D	1	0	0
89	D	0	1	0
90	D	0	0	1
91	D	1	0	0
92	D	0	1	0
93	D	1	0	0
94	D	0	1	0
95	D	0	0	1
96	D	0	1	0
97	D	0	1	0
98	D	0	1	0
99	D	0	1	0
100	D	1	0	0
101	D	1	0	0
102	D	0	1	0
103	D	1	0	0
104	D	1	0	0
105	D	0	0	1
106	D	1	0	0
107	D	1	0	0
108	D	0	0	1
109	D	0	0	1
110	D	1	0	0
111	D	0	1	0
112	D	1	0	0
113	D	1	0	0
114	D	0	0	1
115	D	1	0	0
116	D	0	1	0
117	D	0	0	1
118	D	1	0	0
119	D	0	1	0
120	D	0	0	1
121	D	0	1	0
122	D	0	0	1
123	D	0	0	1
124	D	0	0	1
125	D	0	1	0
126	D	0	1	0
127	D	1	0	0
128	D	1	0	0
129	D	0	0	1
130	D	0	1	0
131	D	0	1	0
132	D	1	0	0
133	D	1	0	0
134	D	0	0	1
135	D	1	0	0
136	D	1	0	0
137	D	0	1	0
138	D	1	0	0
139	D	0	0	1
140	D	0	0	1
141	D	0	0	1
142	D	0	0	1
143	D	1	0	0
144	D	0	0	1
145	D	1	0	0
146	D	1	0	0
147	D	1	0	0
148	D	0	1	0
149	D	0	1	0
150	D	1	0	0
151	D	0	1	0
152	D	0	1	0
153	D	0	1	0
154	D	0	1	0
155	D	1	0	0
156	D	0	1	0
157	D	0	1	0
158	D	0	1	0
159	D	1	0	0
160	D	1	0	0
161	D	1	0	0
162	D	0	1	0
163	D	0	1	0
164	D	0	0	1
165	D	0	0	1
166	D	0	0	1
167	D	1	0	0
168	D	0	1	0
169	D	0	1	0
170	D	0	0	1
171	D	0	0	1
172	D	1	0	0
173	D	0	0	1
174	D	1	0	0
175	D	0	1	0
176	D	0	1	0
177	D	0	0	1
178	D	0	0	1
179	D	1	0	0
180	D	1	0	0
181	D	0	1	0
182	D	0	0	1
183	D	0	1	0
184	D	1	0	0
185	D	1	0	0
186	D	0	1	0
187	D	0	0	1
188	D	0	0	1
189	D	1	0	0
190	D	0	1	0
191	D	0	0	1
192	D	0	0	1
193	D	1	0	0
194	D	1	0	0
195	D	1	0	0
196	D	0	0	1
197	D	0	1	0
198	D	0	1	0
199	D	1	0	0
200	D	1	0	0
201	D	0	1	0
202	D	1	0	0
203	D	0	0	1
204	D	1	0	0
205	D	1	0	0
206	D	1	0	0
207	D	0	0	1
208	D	1	0	0
209	D	1	0	0
210	D	0	1	0
211	D	0	0	1
212	D	1	0	0
213	D	0	1	0
214	D	0	0	1
215	D	0	0	1
216	D	1	0	0
217	D	0	1	0
218	D	0	0	1
219	D	0	0	1
220	D	0	0	1
221	D	1	0	0
222	D	0	0	1
223	D	0	1	0
224	D	0	0	1
225	D	0	0	1
226	D	1	0	0
227	D	1	0	0
228	D	1	0	0
229	D	1	0	0
230	D	0	0	1
231	D	0	0	1
232	D	0	1	0
233	D	0	0	1
234	D	0	1	0
235	D	0	0	1
236	D	0	1	0
237	D	1	0	0
238	D	0	1	0
239	D	0	0	1
240	D	0	1	0
241	D	0	1	0
242	D	0	0	1
243	D	0	0	1
244	D	1	0	0
245	D	0	0	1
246	D	0	0	1
247	D	0	0	1
248	D	0	1	0
249	D	0	1	0
250	D	1	0	0
251	D	0	0	1
252	D	1	0	0
253	D	0	1	0
254	D	0	0	1
255	D	1	0	0
256	D	0	0	1
257	D	1	0	0
258	D	0	1	0
259	D	1	0	0
260	D	1	0	0
261	D	1	0	0
262	D	1	0	0
263	D	0	0	1
264	D	1	0	0
265	D	0	0	1
266	D	0	0	1
267	D	0	1	0
268	D	1	0	0
269	D	0	0	1
270	D	0	1	0
271	D	1	0	0
272	D	0	0	1
273	D	1	0	0
274	D	1	0	0
275	D	1	0	0
276	D	0	0	1
277	D	1	0	0
278	D	0	0	1
279	D	1	0	0
280	D	0	0	1
281	D	0	0	1
282	D	0	0	1
283	D	1	0	0
284	D	1	0	0
285	D	1	0	0
286	D	0	1	0
287	D	1	0	0
288	D	0	1	0
289	D	0	1	0
290	D	0	1	0
291	D	0	1	0
292	D	1	0	0
293	D	1	0	0
294	D	0	1	0
295	D	1	0	0
296	D	0	1	0
297	D	1	0	0
298	D	0	0	1
299	D	0	0	1
300	D	1	0	0
301	D	1	0	0
302	D	0	0	1
303	D	0	1	0
304	D	1	0	0
305	D	0	1	0
306	D	1	0	0
307	D	0	1	0
308	D	1	0	0
309	D	0	0	1
310	D	1	0	0
311	D	1	0	0
312	D	1	0	0
313	D	0	1	0
314	D	1	0	0
315	D	0	0	1
316	D	0	0	1
317	D	0	1	0
318	D	1	0	0
319	D	1	0	0
320	D	0	0	1
321	D	0	1	0
322	D	0	1	0
323	D	1	0	0
324	D	1	0	0
325	D	1	0	0
326	D	0	0	1
327	D	1	0	0
328	D	0	1	0
329	D	0	1	0
330	D	0	0	1
331	D	1	0	0
332	D	0	0	1
333	D	0	0	1
334	D	0	0	1
335	D	0	0	1
336	D	0	0	1
337	D	0	1	0
338	D	0	0	1
339	D	1	0	0
340	D	1	0	0
341	D	0	0	1
342	D	0	0	1
343	D	1	0	0
344	D	0	0	1
345	D	1	0	0
346	D	0	1	0
347	D	1	0	0
348	D	1	0	0
349	D	0	1	0
350	D	0	0	1
351	D	1	0	0
352	D	0	0	1
353	D	1	0	0
354	D	1	0	0
355	D	1	0	0
356	D	0	0	1
357	D	1	0	0
358	D	0	0	1
359	D	0	1	0
360	D	1	0	0
361	D	0	0	1
362	D	1	0	0
363	D	0	0	1
364	D	0	0	1
365	D	0	1	0
366	D	0	0	1
367	D	0	0	1
368	D	0	1	0
369	D	1	0	0
370	D	0	0	1
371	D	1	0	0
372	D	1	0	0
373	D	0	0	1
374	D	1	0	0
375	D	1	0	0
376	D	0	0	1
377	D	0	0	1
378	D	0	1	0
379	D	0	0	1
380	D	0	1	0
381	D	0	0	1
382	D	1	0	0
383	D	0	0	1
384	D	0	0	1
385	D	0	0	1
386	D	0	1	0
387	D	0	0	1
388	D	1	0	0
389	D	1	0	0
390	D	1	0	0
391	D	1	0	0
392	D	1	0	0
393	D	1	0	0
394	D	0	0	1
395	D	0	1	0
396	D	0	0	1
397	D	0	0	1
398	D	0	0	1
399	D	1	0	0
400	D	0	0	1
401	D	1	0	0
402	D	0	0	1
403	D	0	0	1
404	D	1	0	0
405	D	0	1	0
406	D	0	0	1
407	D	0	1	0
408	D	0	0	1
409	D	0	1	0
410	D	1	0	0
411	D	0	1	0
412	D	0	0	1
413	D	0	1	0
414	D	0	0	1
415	D	1	0	0
416	D	0	0	1
417	D	0	0	1
418	D	1	0	0
419	D	0	0	1
420	D	1	0	0
421	D	0	0	1
422	D	1	0	0
423	D	1	0	0
424	D	1	0	0
425	D	1	0	0
426	D	1	0	0
427	D	0	0	1
428	D	1	0	0
429	D	0	0	1
430	D	1	0	0
431	D	1	0	0
432	D	0	1	0
433	D	0	0	1
434	D	1	0	0
435	D	1	0	0
436	D	1	0	0
437	D	0	0	1
438	D	0	0	1
439	D	0	0	1
440	D	0	1	0
441	D	1	0	0
442	D	0	0	1
443	D	1	0	0
444	D	0	0	1
445	D	0	1	0
446	D	1	0	0
447	D	1	0	0
448	D	1	0	0
449	D	0	0	1
450	D	0	1	0
451	D	1	0	0
452	D	0	1	0
453	D	0	1	0
454	D	0	0	1
455	D	1	0	0
456	D	1	0	0
457	D	1	0	0
458	D	0	0	1
459	D	0	0	1
460	D	0	0	1
461	D	1	0	0
462	D	0	1	0
463	D	0	0	1
464	D	0	1	0
465	D	1	0	0
466	D	1	0	0
467	D	1	0	0
468	D	0	0	1
469	D	0	0	1
470	D	0	0	1
471	D	0	1	0
472	D	0	0	1
473	D	1	0	0
474	D	1	0	0
475	D	1	0	0
476	D	0	0	1
477	D	0	0	1
478	D	1	0	0
479	D	1	0	0
480	D	0	0	1
481	D	0	1	0
482	D	0	0	1
483	D	0	1	0
484	D	0	0	1
485	D	1	0	0
486	D	1	0	0
487	D	0	1	0
488	D	0	0	1
489	D	1	0	0
490	D	1	0	0
491	D	0	0	1
492	D	0	0	1
493	D	1	0	0
494	D	1	0	0
495	D	0	1	0
496	D	1	0	0
497	D	0	0	1
498	D	0	1	0
499	D	1	0	0
500	D	1	0	0
501	D	1	0	0
502	D	0	0	1
503	D	0	0	1
504	D	1	0	0
505	D	0	0	1
506	D	0	0	1
507	D	0	1	0
508	D	0	0	1
509	D	0	1	0
510	D	0	0	1
511	D	0	1	0
512	D	0	1	0
513	D	0	1	0
514	D	0	0	1
515	D	1	0	0
516	D	1	0	0
517	D	0	0	1
518	D	0	0	1
519	D	0	0	1
520	D	1	0	0
521	D	1	0	0
522	D	0	1	0
523	D	1	0	0
524	D	1	0	0
525	D	1	0	0
526	D	0	0	1
527	D	1	0	0
528	D	0	0	1
529	D	0	1	0
530	D	0	1	0
531	D	0	0	1
532	D	0	0	1
533	D	1	0	0
534	D	0	0	1
535	D	0	1	0
536	D	0	0	1
537	D	0	0	1
538	D	0	0	1
539	D	0	1	0
540	D	0	0	1
541	D	0	1	0
542	D	0	1	0
543	D	0	0	1
544	D	1	0	0
545	D	0	0	1
546	D	0	1	0
547	D	0	0	1
548	D	1	0	0
549	D	0	1	0
550	D	0	0	1
551	D	0	0	1
552	D	1	0	0
553	D	0	1	0
554	D	0	0	1
555	D	0	0	1
556	D	0	1	0
557	D	0	0	1
558	D	0	1	0
559	D	1	0	0
560	D	1	0	0
561	D	1	0	0
562	D	0	1	0
563	D	0	0	1
564	D	0	0	1
565	D	1	0	0
566	D	0	1	0
567	D	0	0	1
568	D	0	0	1
569	D	1	0	0
570	D	0	0	1
571	D	0	1	0
572	D	1	0	0
573	D	0	1	0
574	D	1	0	0
575	D	1	0	0
576	D	1	0	0
577	D	0	1	0
578	D	0	1	0
579	D	0	0	1
580	D	1	0	0
581	D	0	0	1
582	D	0	0	1
583	D	0	0	1
584	D	0	0	1
585	D	0	0	1
586	D	1	0	0
587	D	0	1	0
588	D	1	0	0
589	D	1	0	0
590	D	1	0	0
591	D	0	1	0
592	D	1	0	0
593	D	0	1	0
594	D	0	1	0
595	D	1	0	0
596	D	0	1	0
597	D	0	0	1
598	D	1	0	0
599	D	0	1	0
600	D	0	0	1
601	D	0	1	0
602	D	0	1	0
603	D	0	1	0
604	D	0	0	1
605	D	1	0	0
606	D	0	0	1
607	D	0	1	0
608	D	1	0	0
609	D	0	0	1
610	D	0	1	0
611	D	0	0	1
612	D	0	0	1
613	D	0	0	1
614	D	1	0	0
615	D	0	0	1
616	D	1	0	0
617	D	0	0	1
618	D	1	0	0
619	D	0	0	1
620	D	0	0	1
621	D	1	0	0
622	D	1	0	0
623	D	1	0	0
624	D	1	0	0
625	D	0	0	1
626	D	1	0	0
627	D	0	1	0
628	D	1	0	0
629	D	1	0	0
630	D	0	0	1
631	D	0	0	1
632	D	0	0	1
633	D	0	1	0
634	D	0	0	1
635	D	1	0	0
636	D	1	0	0
637	D	1	0	0
638	D	0	1	0
639	D	1	0	0
640	D	1	0	0
641	D	0	0	1
642	D	0	1	0
643	D	1	0	0
644	D	0	1	0
645	D	0	0	1
646	D	1	0	0
647	D	0	0	1
648	D	1	0	0
649	D	0	1	0
650	D	1	0	0
651	D	0	0	1
652	D	1	0	0
653	D	0	1	0
654	D	0	0	1
655	D	1	0	0
656	D	0	0	1
657	D	0	1	0
658	D	0	1	0
659	D	1	0	0
660	D	0	1	0
661	D	0	0	1
662	D	0	1	0
663	D	0	0	1
664	D	0	0	1
665	D	0	1	0
666	D	0	1	0
667	D	0	1	0
668	D	0	1	0
669	D	1	0	0
670	D	0	1	0
671	D	0	0	1
672	D	1	0	0
673	D	1	0	0
674	D	0	0	1
675	D	1	0	0
676	D	0	1	0
677	D	0	0	1
678	D	0	1	0
679	D	0	1	0
680	D	1	0	0
681	D	1	0	0
682	D	0	1	0
683	D	1	0	0
684	D	0	0	1
685	D	0	1	0
686	D	1	0	0
687	D	0	1	0
688	D	1	0	0
689	D	1	0	0
690	D	1	0	0
691	D	1	0	0
692	D	0	0	1
693	D	0	0	1
694	D	1	0	0
695	D	1	0	0
696	D	0	0	1
697	D	0	1	0
698	D	0	1	0
699	D	0	1	0
700	D	0	0	1
701	D	0	0	1
702	D	1	0	0
703	D	1	0	0
704	D	1	0	0
705	D	0	1	0
706	D	1	0	0
707	D	1	0	0
708	D	0	0	1
709	D	0	1	0
710	D	0	1	0
711	D	0	0	1
712	D	0	0	1
713	D	1	0	0
714	D	1	0	0
715	D	0	0	1
716	D	1	0	0
717	D	0	0	1
718	D	1	0	0
719	D	0	1	0
720	D	0	0	1
721	D	1	0	0
722	D	1	0	0
723	D	0	0	1
724	D	0	0	1
725	D	1	0	0
726	D	1	0	0
727	D	0	1	0
728	D	0	0	1
729	D	0	1	0
730	D	0	0	1
731	D	1	0	0
732	D	0	1	0
733	D	1	0	0
734	D	0	1	0
735	D	0	1	0
736	D	0	0	1
737	D	0	0	1
738	D	1	0	0
739	D	1	0	0
740	D	1	0	0
741	D	1	0	0
742	D	1	0	0
743	D	0	0	1
744	D	1	0	0
745	D	1	0	0
746	D	0	0	1
747	D	1	0	0
748	D	0	0	1
749	D	0	1	0
750	D	0	1	0
751	D	1	0	0
752	D	0	0	1
753	D	1	0	0
754	D	0	0	1
755	D	1	0	0
756	D	0	0	1
757	D	0	1	0
758	D	1	0	0
759	D	0	1	0
760	D	1	0	0
761	D	1	0	0
762	D	0	1	0
763	D	1	0	0
764	D	0	0	1
765	D	1	0	0
766	D	0	0	1
767	D	0	0	1
768	D	1	0	0
769	D	0	1	0
770	D	0	1	0
771	D	0	0	1
772	D	0	0	1
773	D	0	1	0
774	D	0	1	0
775	D	0	0	1
776	D	0	0	1
777	D	0	0	1
778	D	0	0	1
779	D	1	0	0
780	D	0	1	0
781	D	1	0	0
782	D	1	0	0
783	D	0	0	1
784	D	0	0	1
785	D	0	1	0
786	D	0	0	1
787	D	0	0	1
788	D	1	0	0
789	D	1	0	0
790	D	1	0	0
791	D	1	0	0
792	D	0	0	1
793	D	0	1	0
794	D	0	0	1
795	D	0	1	0
796	D	1	0	0
797	D	0	0	1
798	D	1	0	0
799	D	0	0	1
800	D	0	0	1
801	D	0	1	0
802	D	0	0	1
803	D	1	0	0
804	D	0	0	1
805	D	0	1	0
806	D	0	0	1
807	D	0	1	0
808	D	0	1	0
809	D	1	0	0
810	D	0	0	1
811	D	1	0	0
812	D	0	1	0
813	D	0	1	0
814	D	0	0	1
815	D	1	0	0
816	D	0	1	0
817	D	0	1	0
818	D	0	1	0
819	D	1	0	0
820	D	0	1	0
821	D	1	0	0
822	D	1	0	0
823	D	0	0	1
824	D	0	0	1
825	D	1	0	0
826	D	1	0	0
827	D	0	1	0
828	D	0	0	1
829	D	0	1	0
830	D	1	0	0
831	D	0	1	0
832	D	0	1	0
833	D	0	0	1
834	D	0	1	0
835	D	0	0	1
836	D	0	0	1
837	D	0	1	0
838	D	0	1	0
839	D	0	0	1
840	D	0	0	1
841	D	0	0	1
842	D	1	0	0
843	D	1	0	0
844	D	0	0	1
845	D	0	1	0
846	D	1	0	0
847	D	1	0	0
848	D	1	0	0
849	D	0	0	1
850	D	1	0	0
851	D	0	0	1
852	D	0	0	1
853	D	0	0	1
854	D	0	1	0
855	D	1	0	0
856	D	1	0	0
857	D	1	0	0
858	D	0	1	0
859	D	0	0	1
860	D	0	0	1
861	D	0	1	0
862	D	1	0	0
863	D	1	0	0
864	D	0	0	1
865	D	1	0	0
866	D	0	0	1
867	D	1	0	0
868	D	0	0	1
869	D	0	1	0
870	D	1	0	0
871	D	0	0	1
872	D	0	0	1
873	D	1	0	0
874	D	0	0	1
875	D	0	0	1
876	D	0	1	0
877	D	0	1	0
878	D	0	0	1
879	D	1	0	0
880	D	0	1	0
881	D	1	0	0
882	D	1	0	0
883	D	0	0	1
884	D	1	0	0
885	D	0	0	1
886	D	1	0	0
887	D	0	1	0
888	D	0	1	0
889	D	1	0	0
890	D	1	0	0
891	D	1	0	0
892	D	1	0	0
893	D	0	0	1
894	D	0	0	1
895	D	0	0	1
896	D	1	0	0
897	D	0	0	1
898	D	0	0	1
899	D	0	1	0
900	D	0	1	0
901	D	0	0	1
902	D	0	1	0
903	D	0	0	1
904	D	1	0	0
905	D	1	0	0
906	D	0	0	1
907	D	0	1	0
908	D	0	1	0
909	D	1	0	0
910	D	1	0	0
911	D	0	0	1
912	D	1	0	0
913	D	0	0	1
914	D	0	1	0
915	D	1	0	0
916	D	0	0	1
917	D	0	1	0
918	D	0	0	1
919	D	0	0	1
920	D	1	0	0
921	D	1	0	0
922	D	0	1	0
923	D	0	0	1
924	D	1	0	0
925	D	0	0	1
926	D	1	0	0
927	D	1	0	0
928	D	0	1	0
929	D	0	1	0
930	D	0	0	1
931	D	1	0	0
932	D	1	0	0
933	D	0	0	1
934	D	0	1	0
935	D	0	0	1
936	D	0	1	0
937	D	0	0	1
938	D	1	0	0
939	D	1	0	0
940	D	1	0	0
941	D	0	1	0
942	D	0	1	0
943	D	0	0	1
944	D	1	0	0
945	D	1	0	0
946	D	1	0	0
947	D	1	0	0
948	D	1	0	0
949	D	1	0	0
950	D	0	0	1
951	D	0	0	1
952	D	1	0	0
953	D	0	1	0
954	D	1	0	0
955	D	0	1	0
956	D	0	1	0
957	D	0	0	1
958	D	1	0	0
959	D	0	0	1
960	D	1	0	0
961	D	1	0	0
962	D	1	0	0
963	D	0	0	1
964	D	0	1	0
965	D	0	1	0
966	D	0	0	1
967	D	1	0	0
968	D	0	1	0
969	D	1	0	0
970	D	0	1	0
971	D	0	0	1
972	D	1	0	0
973	D	0	0	1
974	D	0	0	1
975	D	0	0	1
976	D	1	0	0
977	D	0	1	0
978	D	1	0	0
979	D	0	1	0
980	D	0	0	1
981	D	0	0	1
982	D	0	0	1
983	D	0	0	1
984	D	1	0	0
985	D	0	0	1
986	D	0	1	0
987	D	1	0	0
988	D	1	0	0
989	D	0	1	0
990	D	0	0	1
991	D	1	0	0
992	D	1	0	0
993	D	1	0	0
994	D	1	0	0
995	D	0	1	0
996	D	0	0	1
997	D	0	0	1
998	D	1	0	0
999	D	1	0	0
1000	D	0	1	0
1	E	1	0	0
2	E	1	0	0
3	E	1	0	0
4	E	1	0	0
5	E	1	0	0
6	E	1	0	0
7	E	1	0	0
8	E	0	0	1
9	E	0	0	1
10	E	0	0	1
11	E	0	0	1
12	E	0	0	1
13	E	0	0	1
14	E	1	0	0
15	E	1	0	0
16	E	0	0	1
17	E	0	1	0
18	E	0	1	0
19	E	0	0	1
20	E	0	1	0
21	E	0	0	1
22	E	1	0	0
23	E	1	0	0
24	E	1	0	0
25	E	0	1	0
26	E	0	0	1
27	E	0	0	1
28	E	0	0	1
29	E	0	0	1
30	E	0	0	1
31	E	0	0	1
32	E	0	1	0
33	E	0	0	1
34	E	1	0	0
35	E	0	1	0
36	E	0	1	0
37	E	0	0	1
38	E	0	0	1
39	E	0	1	0
40	E	0	0	1
41	E	0	0	1
42	E	0	0	1
43	E	1	0	0
44	E	0	1	0
45	E	0	1	0
46	E	0	1	0
47	E	1	0	0
48	E	0	0	1
49	E	0	1	0
50	E	0	1	0
51	E	1	0	0
52	E	1	0	0
53	E	0	0	1
54	E	0	1	0
55	E	1	0	0
56	E	1	0	0
57	E	0	0	1
58	E	0	0	1
59	E	0	0	1
60	E	1	0	0
61	E	1	0	0
62	E	1	0	0
63	E	0	0	1
64	E	1	0	0
65	E	0	0	1
66	E	1	0	0
67	E	1	0	0
68	E	0	0	1
69	E	1	0	0
70	E	0	1	0
71	E	0	0	1
72	E	1	0	0
73	E	0	0	1
74	E	1	0	0
75	E	0	1	0
76	E	0	0	1
77	E	0	1	0
78	E	0	0	1
79	E	0	1	0
80	E	0	1	0
81	E	1	0	0
82	E	0	0	1
83	E	0	0	1
84	E	0	0	1
85	E	0	0	1
86	E	0	1	0
87	E	0	0	1
88	E	1	0	0
89	E	0	0	1
90	E	1	0	0
91	E	0	1	0
92	E	0	1	0
93	E	0	1	0
94	E	0	1	0
95	E	0	0	1
96	E	0	1	0
97	E	0	0	1
98	E	1	0	0
99	E	1	0	0
100	E	0	1	0
101	E	1	0	0
102	E	1	0	0
103	E	1	0	0
104	E	1	0	0
105	E	1	0	0
106	E	0	0	1
107	E	0	1	0
108	E	0	1	0
109	E	0	0	1
110	E	0	0	1
111	E	0	0	1
112	E	1	0	0
113	E	0	1	0
114	E	1	0	0
115	E	0	0	1
116	E	1	0	0
117	E	0	0	1
118	E	0	1	0
119	E	0	0	1
120	E	1	0	0
121	E	0	0	1
122	E	1	0	0
123	E	0	1	0
124	E	1	0	0
125	E	0	1	0
126	E	0	1	0
127	E	0	0	1
128	E	1	0	0
129	E	0	0	1
130	E	0	0	1
131	E	0	0	1
132	E	0	1	0
133	E	1	0	0
134	E	0	1	0
135	E	1	0	0
136	E	1	0	0
137	E	1	0	0
138	E	0	1	0
139	E	0	1	0
140	E	0	0	1
141	E	0	0	1
142	E	0	0	1
143	E	0	1	0
144	E	0	0	1
145	E	0	0	1
146	E	1	0	0
147	E	0	0	1
148	E	0	0	1
149	E	1	0	0
150	E	0	0	1
151	E	0	0	1
152	E	0	0	1
153	E	1	0	0
154	E	0	0	1
155	E	1	0	0
156	E	0	1	0
157	E	1	0	0
158	E	0	1	0
159	E	0	0	1
160	E	1	0	0
161	E	0	0	1
162	E	0	0	1
163	E	0	1	0
164	E	0	0	1
165	E	0	0	1
166	E	1	0	0
167	E	0	0	1
168	E	0	1	0
169	E	1	0	0
170	E	0	1	0
171	E	0	0	1
172	E	0	0	1
173	E	0	1	0
174	E	1	0	0
175	E	0	0	1
176	E	0	1	0
177	E	0	0	1
178	E	1	0	0
179	E	0	1	0
180	E	0	1	0
181	E	0	1	0
182	E	0	0	1
183	E	0	1	0
184	E	1	0	0
185	E	0	1	0
186	E	0	1	0
187	E	0	1	0
188	E	0	0	1
189	E	0	0	1
190	E	0	0	1
191	E	0	0	1
192	E	0	1	0
193	E	1	0	0
194	E	0	0	1
195	E	0	0	1
196	E	1	0	0
197	E	0	0	1
198	E	1	0	0
199	E	0	0	1
200	E	0	0	1
201	E	1	0	0
202	E	1	0	0
203	E	0	0	1
204	E	0	0	1
205	E	0	1	0
206	E	0	0	1
207	E	1	0	0
208	E	1	0	0
209	E	0	0	1
210	E	1	0	0
211	E	1	0	0
212	E	0	1	0
213	E	0	1	0
214	E	0	1	0
215	E	0	0	1
216	E	1	0	0
217	E	0	0	1
218	E	0	0	1
219	E	0	1	0
220	E	1	0	0
221	E	1	0	0
222	E	1	0	0
223	E	1	0	0
224	E	0	1	0
225	E	1	0	0
226	E	0	0	1
227	E	1	0	0
228	E	1	0	0
229	E	0	0	1
230	E	1	0	0
231	E	0	0	1
232	E	0	0	1
233	E	0	0	1
234	E	0	1	0
235	E	1	0	0
236	E	0	0	1
237	E	1	0	0
238	E	0	1	0
239	E	0	0	1
240	E	0	0	1
241	E	0	1	0
242	E	0	0	1
243	E	0	0	1
244	E	0	0	1
245	E	0	0	1
246	E	0	1	0
247	E	1	0	0
248	E	0	1	0
249	E	0	1	0
250	E	0	0	1
251	E	1	0	0
252	E	1	0	0
253	E	0	1	0
254	E	1	0	0
255	E	0	0	1
256	E	0	0	1
257	E	0	0	1
258	E	1	0	0
259	E	1	0	0
260	E	1	0	0
261	E	0	0	1
262	E	1	0	0
263	E	0	0	1
264	E	0	1	0
265	E	1	0	0
266	E	0	1	0
267	E	0	1	0
268	E	0	1	0
269	E	1	0	0
270	E	0	1	0
271	E	0	0	1
272	E	0	0	1
273	E	1	0	0
274	E	1	0	0
275	E	1	0	0
276	E	1	0	0
277	E	1	0	0
278	E	0	0	1
279	E	1	0	0
280	E	0	0	1
281	E	0	0	1
282	E	0	0	1
283	E	0	0	1
284	E	1	0	0
285	E	0	0	1
286	E	1	0	0
287	E	1	0	0
288	E	0	0	1
289	E	1	0	0
290	E	1	0	0
291	E	0	1	0
292	E	0	0	1
293	E	0	0	1
294	E	0	1	0
295	E	1	0	0
296	E	0	1	0
297	E	1	0	0
298	E	0	0	1
299	E	1	0	0
300	E	1	0	0
301	E	1	0	0
302	E	0	0	1
303	E	0	0	1
304	E	1	0	0
305	E	1	0	0
306	E	0	0	1
307	E	0	1	0
308	E	1	0	0
309	E	0	0	1
310	E	0	0	1
311	E	0	0	1
312	E	0	0	1
313	E	0	0	1
314	E	1	0	0
315	E	1	0	0
316	E	1	0	0
317	E	0	0	1
318	E	0	0	1
319	E	1	0	0
320	E	1	0	0
321	E	1	0	0
322	E	1	0	0
323	E	0	0	1
324	E	1	0	0
325	E	1	0	0
326	E	0	0	1
327	E	0	0	1
328	E	0	0	1
329	E	0	0	1
330	E	0	0	1
331	E	1	0	0
332	E	1	0	0
333	E	0	1	0
334	E	0	1	0
335	E	0	0	1
336	E	0	0	1
337	E	0	0	1
338	E	1	0	0
339	E	0	0	1
340	E	0	0	1
341	E	1	0	0
342	E	0	1	0
343	E	0	1	0
344	E	0	0	1
345	E	0	1	0
346	E	1	0	0
347	E	0	1	0
348	E	1	0	0
349	E	1	0	0
350	E	0	0	1
351	E	0	0	1
352	E	0	0	1
353	E	0	0	1
354	E	0	1	0
355	E	1	0	0
356	E	0	0	1
357	E	0	1	0
358	E	1	0	0
359	E	0	1	0
360	E	1	0	0
361	E	0	0	1
362	E	1	0	0
363	E	0	0	1
364	E	0	0	1
365	E	0	1	0
366	E	1	0	0
367	E	1	0	0
368	E	0	1	0
369	E	1	0	0
370	E	0	0	1
371	E	0	0	1
372	E	1	0	0
373	E	0	0	1
374	E	0	1	0
375	E	0	0	1
376	E	0	0	1
377	E	0	0	1
378	E	0	0	1
379	E	1	0	0
380	E	0	1	0
381	E	0	1	0
382	E	0	0	1
383	E	0	0	1
384	E	0	0	1
385	E	1	0	0
386	E	0	0	1
387	E	0	0	1
388	E	1	0	0
389	E	1	0	0
390	E	0	0	1
391	E	0	1	0
392	E	0	0	1
393	E	1	0	0
394	E	1	0	0
395	E	1	0	0
396	E	0	0	1
397	E	1	0	0
398	E	0	1	0
399	E	1	0	0
400	E	0	0	1
401	E	0	0	1
402	E	0	0	1
403	E	1	0	0
404	E	0	1	0
405	E	0	1	0
406	E	0	0	1
407	E	1	0	0
408	E	0	0	1
409	E	1	0	0
410	E	0	0	1
411	E	0	1	0
412	E	1	0	0
413	E	1	0	0
414	E	0	0	1
415	E	0	0	1
416	E	0	0	1
417	E	0	0	1
418	E	0	1	0
419	E	0	1	0
420	E	0	0	1
421	E	1	0	0
422	E	0	1	0
423	E	1	0	0
424	E	0	0	1
425	E	0	0	1
426	E	0	1	0
427	E	0	0	1
428	E	1	0	0
429	E	1	0	0
430	E	0	0	1
431	E	0	1	0
432	E	0	0	1
433	E	0	0	1
434	E	1	0	0
435	E	1	0	0
436	E	1	0	0
437	E	0	0	1
438	E	0	1	0
439	E	0	1	0
440	E	0	1	0
441	E	1	0	0
442	E	0	0	1
443	E	1	0	0
444	E	1	0	0
445	E	0	0	1
446	E	0	0	1
447	E	1	0	0
448	E	1	0	0
449	E	0	0	1
450	E	0	0	1
451	E	1	0	0
452	E	0	0	1
453	E	1	0	0
454	E	0	0	1
455	E	1	0	0
456	E	1	0	0
457	E	0	1	0
458	E	0	0	1
459	E	0	0	1
460	E	0	1	0
461	E	0	1	0
462	E	0	1	0
463	E	0	0	1
464	E	1	0	0
465	E	0	1	0
466	E	0	0	1
467	E	0	1	0
468	E	1	0	0
469	E	0	1	0
470	E	1	0	0
471	E	0	1	0
472	E	1	0	0
473	E	1	0	0
474	E	0	0	1
475	E	0	0	1
476	E	0	0	1
477	E	0	0	1
478	E	1	0	0
479	E	1	0	0
480	E	0	0	1
481	E	0	0	1
482	E	0	0	1
483	E	0	1	0
484	E	1	0	0
485	E	0	0	1
486	E	0	0	1
487	E	0	1	0
488	E	0	1	0
489	E	1	0	0
490	E	1	0	0
491	E	0	0	1
492	E	0	1	0
493	E	0	0	1
494	E	1	0	0
495	E	1	0	0
496	E	1	0	0
497	E	1	0	0
498	E	0	0	1
499	E	1	0	0
500	E	0	1	0
501	E	1	0	0
502	E	0	1	0
503	E	0	1	0
504	E	0	1	0
505	E	0	0	1
506	E	0	0	1
507	E	1	0	0
508	E	0	1	0
509	E	0	0	1
510	E	0	1	0
511	E	1	0	0
512	E	0	0	1
513	E	1	0	0
514	E	1	0	0
515	E	0	0	1
516	E	0	0	1
517	E	0	0	1
518	E	0	0	1
519	E	0	0	1
520	E	1	0	0
521	E	0	0	1
522	E	0	0	1
523	E	0	1	0
524	E	0	1	0
525	E	0	0	1
526	E	1	0	0
527	E	0	0	1
528	E	0	0	1
529	E	0	1	0
530	E	0	0	1
531	E	1	0	0
532	E	0	1	0
533	E	1	0	0
534	E	0	1	0
535	E	1	0	0
536	E	1	0	0
537	E	0	0	1
538	E	0	0	1
539	E	0	0	1
540	E	1	0	0
541	E	1	0	0
542	E	1	0	0
543	E	0	0	1
544	E	0	1	0
545	E	0	0	1
546	E	0	1	0
547	E	1	0	0
548	E	0	1	0
549	E	0	1	0
550	E	0	0	1
551	E	0	0	1
552	E	1	0	0
553	E	0	1	0
554	E	0	1	0
555	E	1	0	0
556	E	0	1	0
557	E	1	0	0
558	E	1	0	0
559	E	0	1	0
560	E	1	0	0
561	E	1	0	0
562	E	0	0	1
563	E	0	0	1
564	E	0	1	0
565	E	1	0	0
566	E	0	0	1
567	E	1	0	0
568	E	0	0	1
569	E	0	1	0
570	E	0	0	1
571	E	0	0	1
572	E	1	0	0
573	E	0	0	1
574	E	0	0	1
575	E	0	1	0
576	E	1	0	0
577	E	1	0	0
578	E	0	1	0
579	E	0	1	0
580	E	1	0	0
581	E	1	0	0
582	E	1	0	0
583	E	1	0	0
584	E	0	0	1
585	E	0	0	1
586	E	0	1	0
587	E	0	1	0
588	E	1	0	0
589	E	1	0	0
590	E	0	1	0
591	E	0	1	0
592	E	1	0	0
593	E	0	0	1
594	E	0	1	0
595	E	0	1	0
596	E	0	1	0
597	E	1	0	0
598	E	0	0	1
599	E	0	1	0
600	E	1	0	0
601	E	0	1	0
602	E	0	0	1
603	E	0	1	0
604	E	1	0	0
605	E	0	1	0
606	E	1	0	0
607	E	1	0	0
608	E	0	0	1
609	E	0	0	1
610	E	1	0	0
611	E	0	0	1
612	E	0	0	1
613	E	1	0	0
614	E	1	0	0
615	E	1	0	0
616	E	0	1	0
617	E	0	0	1
618	E	0	0	1
619	E	1	0	0
620	E	0	0	1
621	E	1	0	0
622	E	1	0	0
623	E	0	1	0
624	E	0	1	0
625	E	0	0	1
626	E	0	0	1
627	E	0	1	0
628	E	1	0	0
629	E	0	1	0
630	E	1	0	0
631	E	0	0	1
632	E	1	0	0
633	E	1	0	0
634	E	0	0	1
635	E	1	0	0
636	E	1	0	0
637	E	0	1	0
638	E	0	0	1
639	E	0	0	1
640	E	1	0	0
641	E	1	0	0
642	E	1	0	0
643	E	1	0	0
644	E	0	1	0
645	E	0	0	1
646	E	1	0	0
647	E	0	0	1
648	E	0	0	1
649	E	1	0	0
650	E	1	0	0
651	E	1	0	0
652	E	0	1	0
653	E	0	0	1
654	E	0	1	0
655	E	1	0	0
656	E	0	1	0
657	E	1	0	0
658	E	0	0	1
659	E	1	0	0
660	E	0	0	1
661	E	0	0	1
662	E	0	0	1
663	E	0	1	0
664	E	0	0	1
665	E	0	0	1
666	E	0	1	0
667	E	0	1	0
668	E	0	1	0
669	E	1	0	0
670	E	1	0	0
671	E	0	1	0
672	E	1	0	0
673	E	0	0	1
674	E	0	1	0
675	E	0	1	0
676	E	0	0	1
677	E	1	0	0
678	E	1	0	0
679	E	0	1	0
680	E	0	1	0
681	E	1	0	0
682	E	0	1	0
683	E	1	0	0
684	E	0	0	1
685	E	0	1	0
686	E	0	1	0
687	E	0	1	0
688	E	1	0	0
689	E	0	0	1
690	E	1	0	0
691	E	0	0	1
692	E	0	0	1
693	E	1	0	0
694	E	0	1	0
695	E	0	1	0
696	E	0	0	1
697	E	1	0	0
698	E	0	1	0
699	E	0	1	0
700	E	1	0	0
701	E	0	0	1
702	E	0	0	1
703	E	0	0	1
704	E	0	1	0
705	E	0	1	0
706	E	1	0	0
707	E	1	0	0
708	E	0	1	0
709	E	1	0	0
710	E	1	0	0
711	E	1	0	0
712	E	0	0	1
713	E	0	1	0
714	E	0	1	0
715	E	0	0	1
716	E	0	1	0
717	E	0	0	1
718	E	0	0	1
719	E	1	0	0
720	E	1	0	0
721	E	1	0	0
722	E	0	0	1
723	E	0	0	1
724	E	1	0	0
725	E	1	0	0
726	E	1	0	0
727	E	0	1	0
728	E	1	0	0
729	E	1	0	0
730	E	0	0	1
731	E	0	0	1
732	E	0	1	0
733	E	1	0	0
734	E	0	0	1
735	E	0	1	0
736	E	1	0	0
737	E	0	0	1
738	E	1	0	0
739	E	0	1	0
740	E	1	0	0
741	E	0	0	1
742	E	0	0	1
743	E	1	0	0
744	E	1	0	0
745	E	1	0	0
746	E	0	1	0
747	E	0	0	1
748	E	0	1	0
749	E	0	0	1
750	E	0	1	0
751	E	0	1	0
752	E	0	0	1
753	E	1	0	0
754	E	0	0	1
755	E	1	0	0
756	E	0	1	0
757	E	1	0	0
758	E	0	0	1
759	E	0	1	0
760	E	1	0	0
761	E	0	1	0
762	E	0	0	1
763	E	1	0	0
764	E	1	0	0
765	E	0	0	1
766	E	0	0	1
767	E	0	0	1
768	E	1	0	0
769	E	0	0	1
770	E	0	1	0
771	E	0	1	0
772	E	1	0	0
773	E	0	1	0
774	E	0	1	0
775	E	0	1	0
776	E	0	0	1
777	E	0	0	1
778	E	0	0	1
779	E	0	0	1
780	E	1	0	0
781	E	1	0	0
782	E	0	0	1
783	E	0	0	1
784	E	0	0	1
785	E	0	0	1
786	E	0	0	1
787	E	1	0	0
788	E	1	0	0
789	E	1	0	0
790	E	1	0	0
791	E	0	0	1
792	E	0	1	0
793	E	0	0	1
794	E	1	0	0
795	E	0	1	0
796	E	0	0	1
797	E	1	0	0
798	E	1	0	0
799	E	0	0	1
800	E	0	0	1
801	E	0	1	0
802	E	1	0	0
803	E	0	0	1
804	E	0	0	1
805	E	1	0	0
806	E	0	0	1
807	E	0	1	0
808	E	0	1	0
809	E	0	0	1
810	E	0	0	1
811	E	1	0	0
812	E	0	1	0
813	E	0	1	0
814	E	0	0	1
815	E	1	0	0
816	E	0	1	0
817	E	0	1	0
818	E	0	0	1
819	E	1	0	0
820	E	0	0	1
821	E	1	0	0
822	E	1	0	0
823	E	0	0	1
824	E	0	0	1
825	E	1	0	0
826	E	0	0	1
827	E	1	0	0
828	E	0	0	1
829	E	1	0	0
830	E	0	1	0
831	E	0	1	0
832	E	0	1	0
833	E	0	0	1
834	E	0	1	0
835	E	1	0	0
836	E	0	1	0
837	E	0	1	0
838	E	0	1	0
839	E	0	0	1
840	E	0	0	1
841	E	0	0	1
842	E	1	0	0
843	E	1	0	0
844	E	0	0	1
845	E	0	1	0
846	E	1	0	0
847	E	1	0	0
848	E	1	0	0
849	E	0	1	0
850	E	1	0	0
851	E	0	0	1
852	E	0	0	1
853	E	0	0	1
854	E	0	1	0
855	E	0	1	0
856	E	1	0	0
857	E	1	0	0
858	E	0	0	1
859	E	0	1	0
860	E	0	0	1
861	E	0	1	0
862	E	1	0	0
863	E	1	0	0
864	E	0	0	1
865	E	0	0	1
866	E	0	0	1
867	E	1	0	0
868	E	1	0	0
869	E	0	1	0
870	E	1	0	0
871	E	0	1	0
872	E	0	0	1
873	E	1	0	0
874	E	0	0	1
875	E	0	0	1
876	E	0	1	0
877	E	0	0	1
878	E	0	0	1
879	E	1	0	0
880	E	0	1	0
881	E	0	1	0
882	E	0	1	0
883	E	1	0	0
884	E	1	0	0
885	E	0	0	1
886	E	0	0	1
887	E	0	0	1
888	E	0	1	0
889	E	0	0	1
890	E	1	0	0
891	E	0	0	1
892	E	1	0	0
893	E	0	0	1
894	E	0	0	1
895	E	0	0	1
896	E	0	1	0
897	E	0	0	1
898	E	0	1	0
899	E	0	1	0
900	E	0	1	0
901	E	1	0	0
902	E	0	0	1
903	E	0	0	1
904	E	1	0	0
905	E	1	0	0
906	E	0	0	1
907	E	0	1	0
908	E	0	1	0
909	E	1	0	0
910	E	1	0	0
911	E	1	0	0
912	E	0	0	1
913	E	0	0	1
914	E	0	1	0
915	E	1	0	0
916	E	1	0	0
917	E	0	0	1
918	E	1	0	0
919	E	0	0	1
920	E	1	0	0
921	E	0	0	1
922	E	1	0	0
923	E	0	0	1
924	E	1	0	0
925	E	0	0	1
926	E	0	0	1
927	E	1	0	0
928	E	0	1	0
929	E	0	1	0
930	E	1	0	0
931	E	1	0	0
932	E	0	0	1
933	E	1	0	0
934	E	0	0	1
935	E	0	0	1
936	E	0	1	0
937	E	1	0	0
938	E	0	0	1
939	E	1	0	0
940	E	1	0	0
941	E	0	1	0
942	E	0	1	0
943	E	0	1	0
944	E	0	1	0
945	E	1	0	0
946	E	1	0	0
947	E	1	0	0
948	E	1	0	0
949	E	1	0	0
950	E	0	0	1
951	E	0	1	0
952	E	1	0	0
953	E	0	0	1
954	E	0	1	0
955	E	0	1	0
956	E	0	1	0
957	E	0	0	1
958	E	1	0	0
959	E	0	1	0
960	E	0	0	1
961	E	0	0	1
962	E	1	0	0
963	E	0	0	1
964	E	0	1	0
965	E	0	1	0
966	E	0	0	1
967	E	1	0	0
968	E	1	0	0
969	E	1	0	0
970	E	1	0	0
971	E	0	0	1
972	E	1	0	0
973	E	1	0	0
974	E	0	0	1
975	E	0	0	1
976	E	1	0	0
977	E	0	0	1
978	E	1	0	0
979	E	0	1	0
980	E	0	0	1
981	E	0	1	0
982	E	1	0	0
983	E	1	0	0
984	E	1	0	0
985	E	0	0	1
986	E	0	0	1
987	E	0	1	0
988	E	0	0	1
989	E	0	0	1
990	E	0	0	1
991	E	1	0	0
992	E	0	1	0
993	E	0	1	0
994	E	0	0	1
995	E	0	1	0
996	E	0	0	1
997	E	0	0	1
998	E	1	0	0
999	E	0	1	0
1000	E	0	0	1
